0.9272727272727275,0.018181818181818094,0.018181818181818094,0.018181818181818094,0.018181818181818094
0.0001502629601803149,0.9993989481592788,0.0001502629601803149,0.0001502629601803149,0.0001502629601803149
0.018181818181818143,0.018181818181818143,0.018181818181818143,0.018181818181818143,0.9272727272727274
0.0021309951448088963,0.0021309951448088963,0.0021309951448088963,0.0021309951448088963,0.9914760194207644
0.9958477355785776,0.0010380661053555856,0.0010380661053555856,0.0010380661053555856,0.0010380661053555856
3.355167744878148e-09,3.355167744878148e-09,3.355167744878148e-09,0.9999999865793289,3.355167744878148e-09
0.20000000000000004,0.20000000000000004,0.20000000000000004,0.20000000000000004,0.20000000000000004
0.9969851826120868,0.0007537043469782651,0.0007537043469782651,0.0007537043469782651,0.0007537043469782651
0.9997213218356213,6.966954109468716e-05,6.966954109468716e-05,6.966954109468716e-05,6.966954109468716e-05
0.9976386694046988,0.000590332648825284,0.000590332648825284,0.000590332648825284,0.000590332648825284
0.17510539024872948,0.17510539024872948,0.23734191462690588,0.23734191462690588,0.17510539024872948
0.018181818181818094,0.018181818181818094,0.018181818181818094,0.018181818181818094,0.9272727272727275
0.0011442987541024029,0.0011442987541024029,0.0011442987541024029,0.9954228049835904,0.0011442987541024029
1.2384937439368802e-06,1.2384937439368802e-06,0.9999950460250243,1.2384937439368802e-06,1.2384937439368802e-06
0.018181818181818143,0.018181818181818143,0.018181818181818143,0.9272727272727274,0.018181818181818143
0.20000000000000004,0.20000000000000004,0.20000000000000004,0.20000000000000004,0.20000000000000004
0.20000000000000004,0.20000000000000004,0.20000000000000004,0.20000000000000004,0.20000000000000004
0.0005549868090693682,0.0005549868090693682,0.0005549868090693682,0.9977800527637226,0.0005549868090693682
0.0016528925619834554,0.9933884297520663,0.0016528925619834554,0.0016528925619834554,0.0016528925619834554
0.9933884297520663,0.0016528925619834663,0.0016528925619834663,0.0016528925619834663,0.0016528925619834663
0.00011740868642657981,0.00011740868642657981,0.9995303652542936,0.00011740868642657981,0.00011740868642657981
0.00014994056359149467,0.991903209566059,0.007646968743166245,0.00014994056359149467,0.00014994056359149467
0.999705080965853,7.372975853678547e-05,7.372975853678547e-05,7.372975853678547e-05,7.372975853678547e-05
0.0024878460006964643,0.0024878460006964643,0.0024878460006964643,0.9900486159972142,0.0024878460006964643
0.001965242734958791,0.001965242734958791,0.001965242734958791,0.001965242734958791,0.9921390290601648
9.223038133457403e-06,9.223038133457403e-06,9.223038133457403e-06,9.223038133457403e-06,0.9999631078474662
0.9955781582011815,0.0034166717477581514,0.00033505668368680994,0.00033505668368680994,0.00033505668368680994
6.786007801493059e-06,6.786007801493059e-06,6.786007801493059e-06,6.786007801493059e-06,0.9999728559687939
0.20000000000000004,0.20000000000000004,0.20000000000000004,0.20000000000000004,0.20000000000000004
0.0016528925619834663,0.0016528925619834663,0.9933884297520663,0.0016528925619834663,0.0016528925619834663
0.0020087728874698886,0.9919649084501202,0.0020087728874698886,0.0020087728874698886,0.0020087728874698886
0.000289503055849901,0.000289503055849901,0.000289503055849901,0.9988419877766005,0.000289503055849901
0.0003879887493834788,0.9984480450024661,0.0003879887493834788,0.0003879887493834788,0.0003879887493834788
0.20000000000000004,0.20000000000000004,0.20000000000000004,0.20000000000000004,0.20000000000000004
1.969170011102818e-05,1.969170011102818e-05,1.969170011102818e-05,1.969170011102818e-05,0.9999212331995558
0.0005266162157862569,0.0005266162157862569,0.9978935351368551,0.0005266162157862569,0.0005266162157862569
0.9998682077222089,3.294806944778406e-05,3.294806944778406e-05,3.294806944778406e-05,3.294806944778406e-05
0.9997499274071837,6.251814820407988e-05,6.251814820407988e-05,6.251814820407988e-05,6.251814820407988e-05
0.9998376316194241,4.059209514399371e-05,4.059209514399371e-05,4.059209514399371e-05,4.059209514399371e-05
0.276758365880601,0.13607961781386888,0.13607961781386888,0.17763752414373146,0.2734448743479298
0.9936529436745667,0.0015867640813583106,0.0015867640813583106,0.0015867640813583106,0.0015867640813583106
0.9999997864086886,5.339782787281515e-08,5.339782787281515e-08,5.339782787281515e-08,5.339782787281515e-08
0.994659525769075,0.0013351185577312437,0.0013351185577312437,0.0013351185577312437,0.0013351185577312437
0.0009293972842746334,0.9962824108629016,0.0009293972842746334,0.0009293972842746334,0.0009293972842746334
1.521583608835497e-06,1.521583608835497e-06,1.521583608835497e-06,0.9999939136655648,1.521583608835497e-06
0.0016138969710242626,0.0016138969710242626,0.0016138969710242626,0.0016138969710242626,0.9935444121159028
0.018181818181818143,0.018181818181818143,0.9272727272727274,0.018181818181818143,0.018181818181818143
0.9999998563575883,3.591060292952865e-08,3.591060292952865e-08,3.591060292952865e-08,3.591060292952865e-08
2.584985398715401e-08,2.584985398715401e-08,2.584985398715401e-08,0.9999998966005839,2.584985398715401e-08
1.1915289536184311e-05,1.1915289536184311e-05,1.1915289536184311e-05,1.1915289536184311e-05,0.9999523388418553
0.005010139529583438,9.82380299918319e-05,0.9946951463804411,9.82380299918319e-05,9.82380299918319e-05
4.950279829315949e-07,4.950279829315949e-07,4.950279829315949e-07,4.950279829315949e-07,0.9999980198880682
0.00017246540279135199,0.9993101383888345,0.00017246540279135199,0.00017246540279135199,0.00017246540279135199
0.9997012533143896,7.468667140260124e-05,7.468667140260124e-05,7.468667140260124e-05,7.468667140260124e-05
0.0020566993138172746,0.0020566993138172746,0.0020566993138172746,0.9917732027447309,0.0020566993138172746
0.20000000000000004,0.20000000000000004,0.20000000000000004,0.20000000000000004,0.20000000000000004
2.105823349683545e-07,2.105823349683545e-07,2.105823349683545e-07,2.105823349683545e-07,0.99999915767066
0.0017178156429423189,0.0017178156429423189,0.0017178156429423189,0.9931287374282307,0.0017178156429423189
0.9933884297520663,0.0016528925619834663,0.0016528925619834663,0.0016528925619834663,0.0016528925619834663
0.99747364527294,0.0006315886817649462,0.0006315886817649462,0.0006315886817649462,0.0006315886817649462
1.8373292564954387e-06,1.8373292564954387e-06,1.8373292564954387e-06,0.999992650682974,1.8373292564954387e-06
0.0001911644205115327,0.0001911644205115327,0.0001911644205115327,0.9992353423179539,0.0001911644205115327
0.0008487275955841831,0.9966050896176631,0.0008487275955841831,0.0008487275955841831,0.0008487275955841831
0.00015026296018031502,0.991885800150263,0.00015026296018031502,0.00015026296018031502,0.007663410969196084
0.12969127917726275,0.30546308123410587,0.12969127917726275,0.12969127917726275,0.30546308123410587
0.20000000000000004,0.20000000000000004,0.20000000000000004,0.20000000000000004,0.20000000000000004
0.000797980307751577,0.000797980307751577,0.000797980307751577,0.9968080787689937,0.000797980307751577
6.041151217270313e-07,0.9999975835395131,6.041151217270313e-07,6.041151217270313e-07,6.041151217270313e-07
0.20000000000000004,0.20000000000000004,0.20000000000000004,0.20000000000000004,0.20000000000000004
1.874269851460948e-06,1.874269851460948e-06,1.874269851460948e-06,0.9999925029205942,1.874269851460948e-06
0.0016528925619834654,0.0016528925619834654,0.0016528925619834654,0.9933884297520661,0.0016528925619834654
0.979562758862931,0.005109310284267274,0.005109310284267274,0.005109310284267274,0.005109310284267274
0.018181818181818094,0.018181818181818094,0.018181818181818094,0.018181818181818094,0.9272727272727275
0.018181818181818094,0.018181818181818094,0.9272727272727276,0.018181818181818094,0.018181818181818094
2.6590731852805705e-05,2.6590731852805705e-05,2.6590731852805705e-05,2.6590731852805705e-05,0.9998936370725889
0.9935207603013829,0.0016198099246542876,0.0016198099246542876,0.0016198099246542876,0.0016198099246542876
0.000325999318981487,0.9986960027240741,0.000325999318981487,0.000325999318981487,0.000325999318981487
0.005381482027417292,0.49192777695887413,0.005381482027417292,0.005381482027417292,0.49192777695887413
6.8378090689721205e-06,0.999972648763724,6.8378090689721205e-06,6.8378090689721205e-06,6.8378090689721205e-06
0.20000000000000004,0.20000000000000004,0.20000000000000004,0.20000000000000004,0.20000000000000004
0.00033396434096953013,0.9986641426361218,0.00033396434096953013,0.00033396434096953013,0.00033396434096953013
0.13683349886966584,0.13683349886966584,0.2947497516955013,0.13683349886966584,0.2947497516955013
0.20000000000000004,0.20000000000000004,0.20000000000000004,0.20000000000000004,0.20000000000000004
5.0913466850854145e-06,5.0913466850854145e-06,5.0913466850854145e-06,0.9999796346132596,5.0913466850854145e-06
0.0003376287543161929,0.0003376287543161929,0.0003376287543161929,0.0003376287543161929,0.9986494849827353
9.138450570863602e-05,9.138450570863602e-05,9.138450570863602e-05,9.138450570863602e-05,0.9996344619771654
5.728959484780962e-06,5.728959484780962e-06,0.9999770841620608,5.728959484780962e-06,5.728959484780962e-06
1.7068575643632532e-06,1.7068575643632532e-06,1.7068575643632532e-06,0.9999931725697425,1.7068575643632532e-06
0.0005411708566205363,0.0005411708566205363,0.997835316573518,0.0005411708566205363,0.0005411708566205363
0.14192292488291108,0.14192292488291108,0.19032048748048522,0.23871805007805935,0.2871156126756335
1.047570667604149e-05,1.047570667604149e-05,1.047570667604149e-05,1.047570667604149e-05,0.9999580971732959
0.999720325477859,6.991863053524103e-05,6.991863053524103e-05,6.991863053524103e-05,6.991863053524103e-05
0.018181818181818094,0.9272727272727275,0.018181818181818094,0.018181818181818094,0.018181818181818094
3.376533689354498e-05,3.376533689354498e-05,3.376533689354498e-05,3.376533689354498e-05,0.9998649386524256
0.0003098826711143353,0.015804016226831134,0.9832663357598258,0.0003098826711143353,0.0003098826711143353
0.0016528925619834663,0.0016528925619834663,0.0016528925619834663,0.9933884297520663,0.0016528925619834663
0.0016528925619834663,0.0016528925619834663,0.9107438016528925,0.08429752066115698,0.0016528925619834663
4.8023450581099664e-05,4.8023450581099664e-05,4.8023450581099664e-05,4.8023450581099664e-05,0.9998079061976759
4.804021621858102e-05,0.9974058283241966,0.0024500510271476374,4.804021621858102e-05,4.804021621858102e-05
0.999938678096785,1.5330475803722933e-05,1.5330475803722933e-05,1.5330475803722933e-05,1.5330475803722933e-05
0.17229330725440364,0.17229330725440364,0.31082677098238554,0.17229330725440364,0.17229330725440364
0.00046203021105177875,0.9981518791557928,0.00046203021105177875,0.00046203021105177875,0.00046203021105177875
0.00047592897657296505,0.9980962840937082,0.00047592897657296505,0.00047592897657296505,0.00047592897657296505
3.225724438705087e-08,3.225724438705087e-08,3.225724438705087e-08,0.9999998709710223,3.225724438705087e-08
1.3269496685810779e-06,1.3269496685810779e-06,1.3269496685810779e-06,0.9999946922013255,1.3269496685810779e-06
0.9272727272727274,0.018181818181818143,0.018181818181818143,0.018181818181818143,0.018181818181818143
0.13732317221812426,0.13732317221812426,0.24178455185458386,0.13732317221812426,0.34624593149104343
0.004607780977744195,0.004607780977744195,0.004607780977744195,0.9815688760890232,0.004607780977744195
0.20000000000000004,0.20000000000000004,0.20000000000000004,0.20000000000000004,0.20000000000000004
2.076249394441862e-06,2.076249394441862e-06,0.9999916950024222,2.076249394441862e-06,2.076249394441862e-06
0.20000000000000004,0.20000000000000004,0.20000000000000004,0.20000000000000004,0.20000000000000004
5.494689794238858e-05,0.9997802124082305,5.494689794238858e-05,5.494689794238858e-05,5.494689794238858e-05
4.557577255066844e-06,4.557577255066844e-06,0.9999817696909797,4.557577255066844e-06,4.557577255066844e-06
1.5457195374107498e-05,1.5457195374107498e-05,1.5457195374107498e-05,0.9999381712185036,1.5457195374107498e-05
0.018181818181818094,0.018181818181818094,0.9272727272727276,0.018181818181818094,0.018181818181818094
0.018181818181818143,0.018181818181818143,0.018181818181818143,0.018181818181818143,0.9272727272727274
1.4839033623873785e-06,1.4839033623873785e-06,1.4839033623873785e-06,1.4839033623873785e-06,0.9999940643865504
0.018181818181818143,0.9272727272727274,0.018181818181818143,0.018181818181818143,0.018181818181818143
0.018181818181818143,0.018181818181818143,0.018181818181818143,0.018181818181818143,0.9272727272727274
9.013575814661006e-06,0.9999639456967413,9.013575814661006e-06,9.013575814661006e-06,9.013575814661006e-06
1.3019704229758672e-05,0.9999479211830806,1.3019704229758672e-05,1.3019704229758672e-05,1.3019704229758672e-05
0.018181818181818094,0.018181818181818094,0.9272727272727276,0.018181818181818094,0.018181818181818094
0.0011602408544131068,4.2262404700695856e-07,0.9988384912734458,4.2262404700695856e-07,4.2262404700695856e-07
0.9272727272727274,0.018181818181818143,0.018181818181818143,0.018181818181818143,0.018181818181818143
0.0016528925619834663,0.0016528925619834663,0.9933884297520663,0.0016528925619834663,0.0016528925619834663
0.0007746837482061807,0.0007746837482061807,0.0007746837482061807,0.0007746837482061807,0.9969012650071752
1.968145418361041e-05,1.968145418361041e-05,1.968145418361041e-05,0.9999212741832656,1.968145418361041e-05
0.9999950867079874,9.098688912287147e-08,9.098688912287147e-08,9.098688912287147e-08,4.640331345266456e-06
6.996943880482832e-06,6.996943880482832e-06,6.996943880482832e-06,0.9999720122244781,6.996943880482832e-06
0.9977594652583875,0.0005601336854031458,0.0005601336854031458,0.0005601336854031458,0.0005601336854031458
0.0016528925619834663,0.0016528925619834663,0.0016528925619834663,0.0016528925619834663,0.9933884297520663
0.0016528925619834663,0.0016528925619834663,0.0016528925619834663,0.9933884297520663,0.0016528925619834663
0.002331394111066406,0.002331394111066406,0.002331394111066406,0.9906744235557343,0.002331394111066406
0.0003690001090037891,0.0003690001090037891,0.0003690001090037891,0.0003690001090037891,0.9985239995639847
0.0012872557322900406,0.0012872557322900406,0.0012872557322900406,0.0012872557322900406,0.9948509770708399
0.9999925893393952,1.852665151217419e-06,1.852665151217419e-06,1.852665151217419e-06,1.852665151217419e-06
0.9272727272727276,0.018181818181818094,0.018181818181818094,0.018181818181818094,0.018181818181818094
0.0016528925619834554,0.0016528925619834554,0.0016528925619834554,0.9933884297520663,0.0016528925619834554
0.02649193988191207,0.02649193988191207,0.02649193988191207,0.8940322404723519,0.02649193988191207
1.1630931201573763e-07,0.9999995347627519,1.1630931201573763e-07,1.1630931201573763e-07,1.1630931201573763e-07
0.9998908600579826,2.728498550435452e-05,2.728498550435452e-05,2.728498550435452e-05,2.728498550435452e-05
8.077466620656538e-06,8.077466620656538e-06,8.077466620656538e-06,0.9999676901335174,8.077466620656538e-06
3.506742457637356e-05,3.506742457637356e-05,3.506742457637356e-05,0.9998597303016944,3.506742457637356e-05
0.018181818181818094,0.018181818181818094,0.018181818181818094,0.9272727272727275,0.018181818181818094
2.5928138974695162e-08,2.5928138974695162e-08,2.5928138974695162e-08,2.5928138974695162e-08,0.9999998962874441
0.20000000000000004,0.20000000000000004,0.20000000000000004,0.20000000000000004,0.20000000000000004
0.0004995781245569328,0.0004995781245569328,0.9980016875017723,0.0004995781245569328,0.0004995781245569328
0.0004126472707860998,0.0004126472707860998,0.0004126472707860998,0.021045010810091132,0.9777170473775507
0.0011819380083661671,0.9952722479665354,0.0011819380083661671,0.0011819380083661671,0.0011819380083661671
0.000325999318981487,0.9986960027240741,0.000325999318981487,0.000325999318981487,0.000325999318981487
3.13399846960925e-05,3.13399846960925e-05,3.13399846960925e-05,3.13399846960925e-05,0.9998746400612155
3.128358794525088e-06,0.0006739462964527508,3.128358794525088e-06,3.128358794525088e-06,0.9993166686271637
0.0012994117984952674,0.9948023528060189,0.0012994117984952674,0.0012994117984952674,0.0012994117984952674
0.0015938631942782621,0.0015938631942782621,0.0015938631942782621,0.0015938631942782621,0.9936245472228868
0.018181818181818094,0.018181818181818094,0.018181818181818094,0.018181818181818094,0.9272727272727275
0.9999576488258832,1.0587793529185402e-05,1.0587793529185402e-05,1.0587793529185402e-05,1.0587793529185402e-05
0.00028857939295984117,0.9988456824281605,0.00028857939295984117,0.00028857939295984117,0.00028857939295984117
3.9062935655489386e-05,3.9062935655489386e-05,3.9062935655489386e-05,0.9978906014746036,0.0019922097184299635
0.0016528925619834554,0.0016528925619834554,0.0016528925619834554,0.0016528925619834554,0.9933884297520663
0.00011548371284320569,0.9995380651486272,0.00011548371284320569,0.00011548371284320569,0.00011548371284320569
0.00011900274185211532,0.9995239890325917,0.00011900274185211532,0.00011900274185211532,0.00011900274185211532
2.671944842266907e-05,0.9998931222063094,2.671944842266907e-05,2.671944842266907e-05,2.671944842266907e-05
0.9933884297520661,0.0016528925619834654,0.0016528925619834654,0.0016528925619834654,0.0016528925619834654
0.018181818181818094,0.018181818181818094,0.9272727272727275,0.018181818181818094,0.018181818181818094
4.989039367546542e-06,4.989039367546542e-06,0.9999800438425299,4.989039367546542e-06,4.989039367546542e-06
0.000454464539851334,0.000454464539851334,0.000454464539851334,0.9981821418405948,0.000454464539851334
0.018181818181818094,0.9272727272727275,0.018181818181818094,0.018181818181818094,0.018181818181818094
2.746360612680506e-08,2.746360612680506e-08,2.746360612680506e-08,2.746360612680506e-08,0.9999998901455754
0.9999328925133517,1.2427312342262624e-06,1.2427312342262624e-06,1.2427312342262624e-06,6.337929294553953e-05
0.018181818181818143,0.018181818181818143,0.018181818181818143,0.9272727272727274,0.018181818181818143
0.00021216651118895332,0.00021216651118895332,0.9991513339552441,0.00021216651118895332,0.00021216651118895332
0.018181818181818094,0.018181818181818094,0.018181818181818094,0.9272727272727275,0.018181818181818094
2.002964558824179e-07,2.002964558824179e-07,1.054763210733515e-05,0.9999888514785251,2.002964558824179e-07
5.22573137192414e-06,5.22573137192414e-06,5.22573137192414e-06,0.9999790970745123,5.22573137192414e-06
0.00012039323428252418,0.00012039323428252418,0.00012039323428252418,0.00012039323428252418,0.9995184270628699
0.0016528925619834658,0.0016528925619834658,0.0016528925619834658,0.0016528925619834658,0.9933884297520661
7.927540064386692e-07,4.043045432837222e-05,7.927540064386692e-07,7.927540064386692e-07,0.9999571912836523
0.9990763280236983,0.0002309179940754062,0.0002309179940754062,0.0002309179940754062,0.0002309179940754062
0.0016528925619834663,0.08429752066115698,0.0016528925619834663,0.0016528925619834663,0.9107438016528926
0.20000000000000004,0.20000000000000004,0.20000000000000004,0.20000000000000004,0.20000000000000004
0.20000000000000004,0.20000000000000004,0.20000000000000004,0.20000000000000004,0.20000000000000004
0.00015026296018031502,0.00015026296018031502,0.9993989481592788,0.00015026296018031502,0.00015026296018031502
0.9998599850300678,3.500374248309339e-05,3.500374248309339e-05,3.500374248309339e-05,3.500374248309339e-05
0.20000000000000004,0.20000000000000004,0.20000000000000004,0.20000000000000004,0.20000000000000004
0.0002510400898299099,0.0002510400898299099,0.0002510400898299099,0.0002510400898299099,0.9989958396406804
0.20000000000000004,0.20000000000000004,0.20000000000000004,0.20000000000000004,0.20000000000000004
0.0007293832651452991,0.0007293832651452991,0.0007293832651452991,0.9970824669394187,0.0007293832651452991
0.001453982475978433,0.001453982475978433,0.001453982475978433,0.9941840700960861,0.001453982475978433
8.898074579962738e-06,0.9999644077016802,8.898074579962738e-06,8.898074579962738e-06,8.898074579962738e-06
0.20000000000000004,0.20000000000000004,0.20000000000000004,0.20000000000000004,0.20000000000000004
0.9998857925152405,0.00010154453169458435,4.2209843550400045e-06,4.2209843550400045e-06,4.2209843550400045e-06
0.0016528925619834663,0.9933884297520663,0.0016528925619834663,0.0016528925619834663,0.0016528925619834663
0.0002955518583721317,0.0002955518583721317,0.9988177925665115,0.0002955518583721317,0.0002955518583721317
0.002737752391359791,0.002737752391359791,0.002737752391359791,0.989048990434561,0.002737752391359791
2.705240743974332e-05,2.705240743974332e-05,0.999891790370241,2.705240743974332e-05,2.705240743974332e-05
0.00040882314582492787,0.9983647074167001,0.00040882314582492787,0.00040882314582492787,0.00040882314582492787
1.9628696527390045e-08,1.9628696527390045e-08,0.9999999214852139,1.9628696527390045e-08,1.9628696527390045e-08
0.0006579152111514602,0.0006579152111514602,0.0006579152111514602,0.9973683391553941,0.0006579152111514602
0.9988307326447713,0.00029231683880721795,0.00029231683880721795,0.00029231683880721795,0.00029231683880721795
0.0004696784126709702,0.998121286349316,0.0004696784126709702,0.0004696784126709702,0.0004696784126709702
0.005500665211397678,0.005500665211397678,0.005500665211397678,0.49174900218290346,0.49174900218290346
0.018181818181818094,0.9272727272727275,0.018181818181818094,0.018181818181818094,0.018181818181818094
0.018181818181818094,0.9272727272727276,0.018181818181818094,0.018181818181818094,0.018181818181818094
0.9933884297520661,0.0016528925619834654,0.0016528925619834654,0.0016528925619834654,0.0016528925619834654
2.860358755513476e-05,2.860358755513476e-05,2.860358755513476e-05,0.9998855856497794,2.860358755513476e-05
0.0007250723045533448,0.9970997107817866,0.0007250723045533448,0.0007250723045533448,0.0007250723045533448
0.20000000000000004,0.20000000000000004,0.20000000000000004,0.20000000000000004,0.20000000000000004
8.788562882832446e-06,8.788562882832446e-06,8.788562882832446e-06,0.9999648457484686,8.788562882832446e-06
0.0011442987541024044,0.0011442987541024044,0.0011442987541024044,0.9954228049835904,0.0011442987541024044
0.0016528925619834663,0.9933884297520663,0.0016528925619834663,0.0016528925619834663,0.0016528925619834663
0.9786439173992512,0.005339020650187149,0.005339020650187149,0.005339020650187149,0.005339020650187149
0.20000000000000004,0.20000000000000004,0.20000000000000004,0.20000000000000004,0.20000000000000004
0.9933884297520661,0.0016528925619834658,0.0016528925619834658,0.0016528925619834658,0.0016528925619834658
0.018181818181818143,0.018181818181818143,0.018181818181818143,0.9272727272727274,0.018181818181818143
3.014204160845024e-05,0.9998794318335662,3.014204160845024e-05,3.014204160845024e-05,3.014204160845024e-05
1.913187822775164e-05,1.913187822775164e-05,0.9999234724870888,1.913187822775164e-05,1.913187822775164e-05
0.018181818181818094,0.018181818181818094,0.018181818181818094,0.9272727272727276,0.018181818181818094
0.9999479211830806,1.3019704229758672e-05,1.3019704229758672e-05,1.3019704229758672e-05,1.3019704229758672e-05
1.3019704229758672e-05,1.3019704229758672e-05,1.3019704229758672e-05,0.9999479211830806,1.3019704229758672e-05
3.9561145012299575e-05,0.9998417554199509,3.9561145012299575e-05,3.9561145012299575e-05,3.9561145012299575e-05
0.9999927606475253,1.8098381186539082e-06,1.8098381186539082e-06,1.8098381186539082e-06,1.8098381186539082e-06
3.9170913592781714e-05,0.999843316345629,3.9170913592781714e-05,3.9170913592781714e-05,3.9170913592781714e-05
0.018181818181818143,0.018181818181818143,0.018181818181818143,0.9272727272727274,0.018181818181818143
8.330954021271174e-06,0.9999666761839149,8.330954021271174e-06,8.330954021271174e-06,8.330954021271174e-06
0.018181818181818094,0.018181818181818094,0.018181818181818094,0.9272727272727276,0.018181818181818094
0.018181818181818094,0.018181818181818094,0.018181818181818094,0.018181818181818094,0.9272727272727276
1.899425435236895e-06,0.9991975474194815,1.899425435236895e-06,1.899425435236895e-06,0.0007967543042126709
0.0005549868090693682,0.0005549868090693682,0.0005549868090693682,0.9977800527637226,0.0005549868090693682
0.018181818181818094,0.018181818181818094,0.018181818181818094,0.018181818181818094,0.9272727272727275
0.018181818181818143,0.018181818181818143,0.9272727272727274,0.018181818181818143,0.018181818181818143
0.20000000000000004,0.20000000000000004,0.20000000000000004,0.20000000000000004,0.20000000000000004
0.1491368496851944,0.2762947254722085,0.1491368496851944,0.2762947254722085,0.1491368496851944
0.006665229828301998,0.9733390806867922,0.006665229828301998,0.006665229828301998,0.006665229828301998
0.20000000000000004,0.20000000000000004,0.20000000000000004,0.20000000000000004,0.20000000000000004
3.259852807688436e-05,0.9998696058876924,3.259852807688436e-05,3.259852807688436e-05,3.259852807688436e-05
0.9999479211830807,1.3019704229758689e-05,1.3019704229758689e-05,1.3019704229758689e-05,1.3019704229758689e-05
5.2597997351657334e-05,5.2597997351657334e-05,0.9997896080105934,5.2597997351657334e-05,5.2597997351657334e-05
0.9954228049835904,0.0011442987541024044,0.0011442987541024044,0.0011442987541024044,0.0011442987541024044
0.9980016875017723,0.0004995781245569341,0.0004995781245569341,0.0004995781245569341,0.0004995781245569341
0.001803849374241198,0.001803849374241198,0.001803849374241198,0.9927846025030355,0.001803849374241198
0.001252307538903198,0.001252307538903198,0.001252307538903198,0.001252307538903198,0.9949907698443873
0.9999003323174329,2.4916920641788624e-05,2.4916920641788624e-05,2.4916920641788624e-05,2.4916920641788624e-05
0.0028998541361287206,0.0028998541361287206,0.06651783865207248,0.0028998541361287206,0.9247825989395413
0.0013788053331465306,0.0013788053331465306,0.9944847786674139,0.0013788053331465306,0.0013788053331465306
0.002529896349443324,0.9898804146022268,0.002529896349443324,0.002529896349443324,0.002529896349443324
0.20000000000000004,0.20000000000000004,0.20000000000000004,0.20000000000000004,0.20000000000000004
0.15548239567875197,0.15548239567875197,0.15548239567875197,0.2667764064818722,0.2667764064818722
0.0005561428702938409,0.0005561428702938409,0.0005561428702938409,0.0005561428702938409,0.9977754285188247
0.9900431153664851,0.0024892211583787314,0.0024892211583787314,0.0024892211583787314,0.0024892211583787314
0.20000000000000004,0.20000000000000004,0.20000000000000004,0.20000000000000004,0.20000000000000004
1.1488905078989263e-06,1.1488905078989263e-06,1.1488905078989263e-06,1.1488905078989263e-06,0.9999954044379684
0.0022599747535008547,0.0022599747535008547,0.0022599747535008547,0.0022599747535008547,0.9909601009859966
0.018181818181818143,0.018181818181818143,0.018181818181818143,0.018181818181818143,0.9272727272727274
0.018181818181818094,0.018181818181818094,0.9272727272727276,0.018181818181818094,0.018181818181818094
0.9986851217161085,0.0003287195709728999,0.0003287195709728999,0.0003287195709728999,0.0003287195709728999
0.0021949349886678424,0.9912202600453285,0.0021949349886678424,0.0021949349886678424,0.0021949349886678424
0.00021216002208151026,0.00021216002208151026,0.9991513599116738,0.00021216002208151026,0.00021216002208151026
0.20000000000000004,0.20000000000000004,0.20000000000000004,0.20000000000000004,0.20000000000000004
0.00039778532051709594,0.00039778532051709594,0.00039778532051709594,0.00039778532051709594,0.9984088587179315
0.0002021155410288729,0.9991915378358845,0.0002021155410288729,0.0002021155410288729,0.0002021155410288729
0.20000000000000004,0.20000000000000004,0.20000000000000004,0.20000000000000004,0.20000000000000004
0.003539508629720563,0.003539508629720563,0.003539508629720563,0.003539508629720563,0.9858419654811176
0.018181818181818094,0.018181818181818094,0.9272727272727276,0.018181818181818094,0.018181818181818094
0.0019246248166697926,0.9923015007333209,0.0019246248166697926,0.0019246248166697926,0.0019246248166697926
4.720209406494658e-06,4.720209406494658e-06,4.720209406494658e-06,4.720209406494658e-06,0.9999811191623741
0.20000000000000004,0.20000000000000004,0.20000000000000004,0.20000000000000004,0.20000000000000004
0.00022940242878255533,0.00022940242878255533,0.00022940242878255533,0.9990823902848697,0.00022940242878255533
0.018181818181818143,0.018181818181818143,0.018181818181818143,0.018181818181818143,0.9272727272727274
8.618131163042323e-05,8.618131163042323e-05,8.618131163042323e-05,0.9996552747534783,8.618131163042323e-05
0.9999785171490145,5.3707127463819834e-06,5.3707127463819834e-06,5.3707127463819834e-06,5.3707127463819834e-06
0.9964746037728737,0.0008813490567815805,0.0008813490567815805,0.0008813490567815805,0.0008813490567815805
0.0006988368790307292,0.9972046524838772,0.0006988368790307292,0.0006988368790307292,0.0006988368790307292
0.001409228133416213,0.001409228133416213,0.9943630874663352,0.001409228133416213,0.001409228133416213
0.018181818181818094,0.018181818181818094,0.018181818181818094,0.9272727272727275,0.018181818181818094
0.018181818181818094,0.018181818181818094,0.018181818181818094,0.018181818181818094,0.9272727272727275
1.351782726380222e-06,1.351782726380222e-06,1.351782726380222e-06,0.9999945928690944,1.351782726380222e-06
0.0005123413755783649,0.0005123413755783649,0.9979506344976866,0.0005123413755783649,0.0005123413755783649
0.9989707065040084,0.00025732337399787483,0.00025732337399787483,0.00025732337399787483,0.00025732337399787483
0.018181818181818094,0.018181818181818094,0.018181818181818094,0.9272727272727275,0.018181818181818094
0.0007468053323638682,0.9970127786705445,0.0007468053323638682,0.0007468053323638682,0.0007468053323638682
0.018181818181818094,0.018181818181818094,0.018181818181818094,0.018181818181818094,0.9272727272727276
8.56095022387079e-05,8.56095022387079e-05,8.56095022387079e-05,0.004366084614174113,0.9953770868791096
0.9993989481592788,0.00015026296018031502,0.00015026296018031502,0.00015026296018031502,0.00015026296018031502
0.018181818181818143,0.018181818181818143,0.018181818181818143,0.9272727272727274,0.018181818181818143
0.018181818181818143,0.018181818181818143,0.018181818181818143,0.018181818181818143,0.9272727272727274
0.0006904733141244696,0.0006904733141244696,0.9972381067435021,0.0006904733141244696,0.0006904733141244696
0.0016112462106339432,0.0016112462106339432,0.0016112462106339432,0.9935550151574645,0.0016112462106339432
0.0016528925619834554,0.9933884297520663,0.0016528925619834554,0.0016528925619834554,0.0016528925619834554
6.451583550728065e-08,0.9966592415782382,6.451583550728065e-08,6.451583550728065e-08,0.003340564874255119
2.188345405376947e-09,2.188345405376947e-09,2.188345405376947e-09,0.9999983743896775,1.6190452862307498e-06
0.00014597306491870733,0.00014597306491870733,0.00014597306491870733,0.9994161077403251,0.00014597306491870733
7.726895442836384e-06,7.726895442836384e-06,7.726895442836384e-06,7.726895442836384e-06,0.9999690924182286
5.741380986401107e-06,5.741380986401107e-06,5.741380986401107e-06,5.741380986401107e-06,0.9999770344760545
2.303514388938978e-06,2.303514388938978e-06,2.303514388938978e-06,0.9999907859424444,2.303514388938978e-06
0.9999958104253827,1.0473936543739104e-06,1.0473936543739104e-06,1.0473936543739104e-06,1.0473936543739104e-06
1.6412397162721403e-05,1.6412397162721403e-05,1.6412397162721403e-05,1.6412397162721403e-05,0.999934350411349
0.018181818181818094,0.018181818181818094,0.9272727272727275,0.018181818181818094,0.018181818181818094
4.868823591674583e-06,4.868823591674583e-06,4.868823591674583e-06,4.868823591674583e-06,0.9999805247056333
0.20000000000000004,0.20000000000000004,0.20000000000000004,0.20000000000000004,0.20000000000000004
0.018181818181818143,0.018181818181818143,0.9272727272727274,0.018181818181818143,0.018181818181818143
0.0010511600553797023,0.0010511600553797023,0.9957953597784813,0.0010511600553797023,0.0010511600553797023
1.8694769625394757e-05,0.9999252209214985,1.8694769625394757e-05,1.8694769625394757e-05,1.8694769625394757e-05
0.0012638611241859413,0.9949445555032563,0.0012638611241859413,0.0012638611241859413,0.0012638611241859413
0.0007824849989454506,0.0007824849989454506,0.9968700600042182,0.0007824849989454506,0.0007824849989454506
0.9933884297520663,0.0016528925619834554,0.0016528925619834554,0.0016528925619834554,0.0016528925619834554
0.018181818181818143,0.018181818181818143,0.018181818181818143,0.018181818181818143,0.9272727272727274
0.00029696063951303734,0.00029696063951303734,0.00029696063951303734,0.00029696063951303734,0.998812157441948
0.0032595563714581206,0.0032595563714581206,0.0032595563714581206,0.0032595563714581206,0.9869617745141673
0.0016528925619834663,0.9933884297520663,0.0016528925619834663,0.0016528925619834663,0.0016528925619834663
0.9999217175024429,1.4496758806859432e-06,1.4496758806859432e-06,7.393346991498325e-05,1.4496758806859432e-06
3.287757527399122e-05,3.287757527399122e-05,3.287757527399122e-05,3.287757527399122e-05,0.999868489698904
0.20000000000000004,0.20000000000000004,0.20000000000000004,0.20000000000000004,0.20000000000000004
0.0010136531664804126,0.9959453873340786,0.0010136531664804126,0.0010136531664804126,0.0010136531664804126
0.9933884297520663,0.0016528925619834554,0.0016528925619834554,0.0016528925619834554,0.0016528925619834554
0.00015026296018031502,0.00015026296018031502,0.00015026296018031502,0.9993989481592788,0.00015026296018031502
0.21007077579325567,0.13214792643338696,0.13214792643338696,0.13214792643338696,0.3934854449065835
0.014146686942341183,0.014146686942341183,0.014146686942341183,0.9434132522306352,0.014146686942341183
0.2092088857022035,0.2092088857022035,0.28570289139238303,0.14793966860160507,0.14793966860160507
0.0012582070334343936,0.0012582070334343936,0.0012582070334343936,0.0012582070334343936,0.9949671718662626
0.0005463649435492682,0.9978145402258027,0.0005463649435492682,0.0005463649435492682,0.0005463649435492682
0.0013182154196017483,0.0013182154196017483,0.0013182154196017483,0.0013182154196017483,0.9947271383215932
0.0016640948279297131,0.0016640948279297131,0.9933436206882813,0.0016640948279297131,0.0016640948279297131
0.20000000000000004,0.20000000000000004,0.20000000000000004,0.20000000000000004,0.20000000000000004
0.0002893294156710099,0.9988426823373158,0.0002893294156710099,0.0002893294156710099,0.0002893294156710099
0.9999585261906383,1.0368452340419398e-05,1.0368452340419398e-05,1.0368452340419398e-05,1.0368452340419398e-05
0.0029311126257026855,0.0029311126257026855,0.0029311126257026855,0.0029311126257026855,0.9882755494971893
1.651609091345268e-06,1.651609091345268e-06,1.651609091345268e-06,1.651609091345268e-06,0.9999933935636347
0.0001258809746162188,0.9994964761015351,0.0001258809746162188,0.0001258809746162188,0.0001258809746162188
5.466651528346919e-06,5.466651528346919e-06,5.466651528346919e-06,5.466651528346919e-06,0.9999781333938865
0.0016528925619834663,0.0016528925619834663,0.0016528925619834663,0.9933884297520663,0.0016528925619834663
0.20000000000000004,0.20000000000000004,0.20000000000000004,0.20000000000000004,0.20000000000000004
1.3019704229758672e-05,1.3019704229758672e-05,0.9999479211830807,1.3019704229758672e-05,1.3019704229758672e-05
0.0002895323667153003,0.9988418705331388,0.0002895323667153003,0.0002895323667153003,0.0002895323667153003
0.8438382049413595,0.0390404487646601,0.0390404487646601,0.0390404487646601,0.0390404487646601
0.9988153351722349,3.595477878597998e-07,0.0011835861844016577,3.595477878597998e-07,3.595477878597998e-07
0.0016528925619834663,0.0016528925619834663,0.9933884297520663,0.0016528925619834663,0.0016528925619834663
1.3019704229758672e-05,1.3019704229758672e-05,0.9999479211830806,1.3019704229758672e-05,1.3019704229758672e-05
0.20000000000000004,0.20000000000000004,0.20000000000000004,0.20000000000000004,0.20000000000000004
0.00014229806209858657,0.9994308077516056,0.00014229806209858657,0.00014229806209858657,0.00014229806209858657
1.3019704229758672e-05,1.3019704229758672e-05,0.9999479211830807,1.3019704229758672e-05,1.3019704229758672e-05
1.5324395997510026e-05,1.5324395997510026e-05,0.9999387024160099,1.5324395997510026e-05,1.5324395997510026e-05
0.20000000000000004,0.20000000000000004,0.20000000000000004,0.20000000000000004,0.20000000000000004
0.20000000000000004,0.20000000000000004,0.20000000000000004,0.20000000000000004,0.20000000000000004
0.9993989481592789,0.00015026296018031505,0.00015026296018031505,0.00015026296018031505,0.00015026296018031505
0.0016528925619834663,0.0016528925619834663,0.0016528925619834663,0.9933884297520663,0.0016528925619834663
0.3612807008485984,0.3612807008485984,0.09247953276760107,0.09247953276760107,0.09247953276760107
0.9958425334202405,0.001039366644939825,0.001039366644939825,0.001039366644939825,0.001039366644939825
0.00015026296018031497,0.9993989481592788,0.00015026296018031497,0.00015026296018031497,0.00015026296018031497
0.9976178694244555,0.0005955326438860859,0.0005955326438860859,0.0005955326438860859,0.0005955326438860859
0.008069952023807819,0.008069952023807819,0.0780602415844431,0.761519001017376,0.1442808533505651
0.20000000000000004,0.20000000000000004,0.20000000000000004,0.20000000000000004,0.20000000000000004
0.9954228049835904,0.0011442987541024029,0.0011442987541024029,0.0011442987541024029,0.0011442987541024029
0.0008167403004050657,0.0008167403004050657,0.9967330387983797,0.0008167403004050657,0.0008167403004050657
0.0005839638694057611,0.997664144522377,0.0005839638694057611,0.0005839638694057611,0.0005839638694057611
1.8295318514417531e-06,0.0007925134299820337,0.9992019979744637,1.8295318514417531e-06,1.8295318514417531e-06
0.9974477289466089,0.000638067763347748,0.000638067763347748,0.000638067763347748,0.000638067763347748
2.7315565745254264e-06,2.7315565745254264e-06,2.7315565745254264e-06,2.7315565745254264e-06,0.9999890737737018
0.002389711846635881,0.002389711846635881,0.002389711846635881,0.002389711846635881,0.9904411526134563
0.018181818181818094,0.018181818181818094,0.9272727272727275,0.018181818181818094,0.018181818181818094
0.0008806495811901144,0.0008806495811901144,0.0008806495811901144,0.9964774016752396,0.0008806495811901144
0.6916423277380955,0.035127092359836534,0.035127092359836534,0.035127092359836534,0.2029763951823949
3.698842566580726e-05,3.698842566580726e-05,3.698842566580726e-05,3.698842566580726e-05,0.9998520462973368
0.018181818181818143,0.018181818181818143,0.9272727272727274,0.018181818181818143,0.018181818181818143
0.00019399373264167692,0.00019399373264167692,0.00019399373264167692,0.00019399373264167692,0.9992240250694334
0.20000000000000004,0.20000000000000004,0.20000000000000004,0.20000000000000004,0.20000000000000004
7.684882458345497e-06,7.684882458345497e-06,7.684882458345497e-06,7.684882458345497e-06,0.9999692604701668
0.004623210022972052,0.004623210022972052,0.004623210022972052,0.9815071599081119,0.004623210022972052
0.9933884297520663,0.0016528925619834663,0.0016528925619834663,0.0016528925619834663,0.0016528925619834663
0.20000000000000004,0.20000000000000004,0.20000000000000004,0.20000000000000004,0.20000000000000004
0.9999999688137937,7.796551593186735e-09,7.796551593186735e-09,7.796551593186735e-09,7.796551593186735e-09
0.018181818181818143,0.018181818181818143,0.018181818181818143,0.9272727272727274,0.018181818181818143
3.0889415259763706e-08,3.0889415259763706e-08,3.0889415259763706e-08,0.9999998764423391,3.0889415259763706e-08
1.917728782909937e-05,0.9999804064264521,1.3876190619048274e-07,1.3876190619048274e-07,1.3876190619048274e-07
0.9999930497930378,1.7375517405490626e-06,1.7375517405490626e-06,1.7375517405490626e-06,1.7375517405490626e-06
0.999870154138958,3.246146526052769e-05,3.246146526052769e-05,3.246146526052769e-05,3.246146526052769e-05
0.00015026296018031494,0.9993989481592788,0.00015026296018031494,0.00015026296018031494,0.00015026296018031494
0.0016528925619834663,0.9107438016528926,0.0016528925619834663,0.0016528925619834663,0.08429752066115698
0.018181818181818143,0.9272727272727274,0.018181818181818143,0.018181818181818143,0.018181818181818143
