0.0002553079611761064,0.9989787681552955,0.0002553079611761064,0.0002553079611761064,0.0002553079611761064
9.981010648428184e-05,9.981010648428184e-05,0.9996007595740628,9.981010648428184e-05,9.981010648428184e-05
0.00016832993927504708,0.00016832993927504708,0.9993266802428998,0.00016832993927504708,0.00016832993927504708
0.00038305414551383944,0.00038305414551383944,0.00038305414551383944,0.9984677834179447,0.00038305414551383944
0.29932887902601046,0.1083118039759903,0.18471863399599836,0.14651521898599434,0.26112546401600645
6.458904140271187e-05,6.458904140271187e-05,0.9997416438343891,6.458904140271187e-05,6.458904140271187e-05
0.1788617309563564,0.2845530761745744,0.07317038573813836,0.3902444213927925,0.07317038573813836
0.00029983309800484393,0.9988006676079807,0.00029983309800484393,0.00029983309800484393,0.00029983309800484393
0.2059751700674328,0.17609931973026893,0.2059751700674328,0.17609931973026893,0.23585102040459668
0.9985037862619759,0.0003740534345060598,0.0003740534345060598,0.0003740534345060598,0.0003740534345060598
0.0019187546101265762,0.0019187546101265762,0.0019187546101265762,0.0019187546101265762,0.9923249815594937
0.000246972407403275,0.000246972407403275,0.999012110370387,0.000246972407403275,0.000246972407403275
0.0002687015176237122,0.0002687015176237122,0.9989251939295052,0.0002687015176237122,0.0002687015176237122
4.8524589317126414e-05,4.8524589317126414e-05,4.8524589317126414e-05,4.8524589317126414e-05,0.9998059016427314
0.9995029080584866,0.00012427298537834774,0.00012427298537834774,0.00012427298537834774,0.00012427298537834774
0.00043372081163740926,0.00043372081163740926,0.00043372081163740926,0.00043372081163740926,0.9982651167534503
0.0003027250160348326,0.0003027250160348326,0.0003027250160348326,0.9987890999358606,0.0003027250160348326
0.00041702018740512044,0.00041702018740512044,0.9983319192503796,0.00041702018740512044,0.00041702018740512044
0.9961858051664162,0.0009535487083959445,0.0009535487083959445,0.0009535487083959445,0.0009535487083959445
0.00023765446109239353,0.00023765446109239353,0.9990493821556305,0.00023765446109239353,0.00023765446109239353
0.16709919163234327,0.11226451101958201,0.22193387224510447,0.2767685528578657,0.22193387224510447
0.0007780928384624025,0.0007780928384624025,0.0007780928384624025,0.9968876286461503,0.0007780928384624025
0.9992949194119565,0.00017627014701084495,0.00017627014701084495,0.00017627014701084495,0.00017627014701084495
0.0002705747532378561,0.0002705747532378561,0.9989177009870486,0.0002705747532378561,0.0002705747532378561
0.3074375075451001,0.03884373868234985,0.3074375075451001,0.03884373868234985,0.3074375075451001
0.9995889253067864,0.00010276867330341179,0.00010276867330341179,0.00010276867330341179,0.00010276867330341179
0.22422753295718606,0.22422753295718606,0.06271064657594558,0.3049859761478063,0.18384831136187593
3.562785671946783e-05,3.562785671946783e-05,3.562785671946783e-05,0.9998574885731222,3.562785671946783e-05
0.00016283957872851714,0.999348641685086,0.00016283957872851714,0.00016283957872851714,0.00016283957872851714
8.657780737802519e-05,0.9996536887704879,8.657780737802519e-05,8.657780737802519e-05,8.657780737802519e-05
0.00027012869778386065,0.00027012869778386065,0.00027012869778386065,0.9989194852088644,0.00027012869778386065
0.9982512953912897,0.00043717615217758206,0.00043717615217758206,0.00043717615217758206,0.00043717615217758206
0.0002432508620590088,0.0002432508620590088,0.0002432508620590088,0.999026996551764,0.0002432508620590088
0.0006427525513600789,0.0006427525513600789,0.0006427525513600789,0.0006427525513600789,0.9974289897945597
0.0001747877671668726,0.0001747877671668726,0.9993008489313324,0.0001747877671668726,0.0001747877671668726
0.000248756021330082,0.9990049759146796,0.000248756021330082,0.000248756021330082,0.000248756021330082
0.00026959840166560563,0.9989216063933377,0.00026959840166560563,0.00026959840166560563,0.00026959840166560563
0.00010328501534952223,0.00010328501534952223,0.00010328501534952223,0.00010328501534952223,0.9995868599386019
4.79250445789722e-05,4.79250445789722e-05,0.9998082998216841,4.79250445789722e-05,4.79250445789722e-05
0.013343302004880372,0.09111692616951356,0.8688531678158454,0.013343302004880372,0.013343302004880372
0.9991096877875152,0.00022257805312122646,0.00022257805312122646,0.00022257805312122646,0.00022257805312122646
9.589512650979984e-05,9.589512650979984e-05,9.589512650979984e-05,9.589512650979984e-05,0.9996164194939607
0.9990822200876036,0.00022944497809910505,0.00022944497809910505,0.00022944497809910505,0.00022944497809910505
0.023845618504818124,0.023845618504818124,0.757822208068076,0.17064093641746966,0.023845618504818124
0.00010834223190255461,0.00010834223190255461,0.9995666310723899,0.00010834223190255461,0.00010834223190255461
0.00016566590315544963,0.00016566590315544963,0.00016566590315544963,0.00016566590315544963,0.9993373363873782
0.16736460445388848,0.8200725153761185,0.0041876267233310095,0.0041876267233310095,0.0041876267233310095
0.9991135714178938,0.0002216071455265311,0.0002216071455265311,0.0002216071455265311,0.0002216071455265311
0.999211430992361,0.00019714225190974594,0.00019714225190974594,0.00019714225190974594,0.00019714225190974594
0.00046765260652042453,0.00046765260652042453,0.00046765260652042453,0.9981293895739183,0.00046765260652042453
0.0002720420002453665,0.9989118319990186,0.0002720420002453665,0.0002720420002453665,0.0002720420002453665
0.2,0.08773905892925334,0.25613047053537336,0.3122609410707467,0.14386952946462667
0.9995667136793098,0.00010832158017254797,0.00010832158017254797,0.00010832158017254797,0.00010832158017254797
0.004847239524657795,0.004847239524657795,0.004847239524657795,0.9806110419013688,0.004847239524657795
0.1737746062092444,0.1737746062092444,0.10821112173235532,0.37046505963991155,0.1737746062092444
0.00023991310931133455,0.00023991310931133455,0.00023991310931133455,0.00023991310931133455,0.9990403475627547
9.952119389041239e-05,9.952119389041239e-05,0.9996019152244384,9.952119389041239e-05,9.952119389041239e-05
0.0026989710712365914,0.0026989710712365914,0.0026989710712365914,0.9892041157150537,0.0026989710712365914
0.1680563144688281,0.8069300250922657,0.008337886812968695,0.008337886812968695,0.008337886812968695
0.00017627014701084495,0.00017627014701084495,0.00017627014701084495,0.9992949194119565,0.00017627014701084495
9.221156414338076e-05,9.221156414338076e-05,9.221156414338076e-05,0.9996311537434266,9.221156414338076e-05
0.00021944692803643688,0.00021944692803643688,0.00021944692803643688,0.9991222122878542,0.00021944692803643688
0.9992875884994981,0.00017810287512550475,0.00017810287512550475,0.00017810287512550475,0.00017810287512550475
0.000603507308870539,0.000603507308870539,0.000603507308870539,0.9975859707645179,0.000603507308870539
0.00018247068457942684,0.00018247068457942684,0.00018247068457942684,0.9992701172616822,0.00018247068457942684
0.15465793326782565,0.15465793326782565,0.04130276643738979,0.6080786005895691,0.04130276643738979
1.2102939679220866e-05,1.2102939679220866e-05,1.2102939679220866e-05,0.9999515882412832,1.2102939679220866e-05
0.00010557416545642641,0.00010557416545642641,0.00010557416545642641,0.9995777033381743,0.00010557416545642641
0.007742394977538893,0.007742394977538893,0.007742394977538893,0.9690304200898444,0.007742394977538893
0.999803209497713,4.919762557172863e-05,4.919762557172863e-05,4.919762557172863e-05,4.919762557172863e-05
0.9995685362994495,0.00010786592513760316,0.00010786592513760316,0.00010786592513760316,0.00010786592513760316
9.943893538188784e-05,9.943893538188784e-05,9.943893538188784e-05,0.9996022442584724,9.943893538188784e-05
0.2998944989148564,0.1750263752712859,0.1750263752712859,0.23746043709307116,0.11259231344950064
0.00019668886889713836,0.00019668886889713836,0.00019668886889713836,0.00019668886889713836,0.9992132445244114
6.001031507186429e-05,6.001031507186429e-05,6.001031507186429e-05,6.001031507186429e-05,0.9997599587397126
0.6201718174623937,0.002272085900050031,0.002272085900050031,0.37301192483745615,0.002272085900050031
0.0001381204212728583,0.0001381204212728583,0.9994475183149086,0.0001381204212728583,0.0001381204212728583
0.9990763280236983,0.0002309179940754062,0.0002309179940754062,0.0002309179940754062,0.0002309179940754062
0.00021974479756438307,0.00021974479756438307,0.9991210208097425,0.00021974479756438307,0.00021974479756438307
0.0013424573041892324,0.0013424573041892324,0.0013424573041892324,0.994630170783243,0.0013424573041892324
0.00016190775683207271,0.00016190775683207271,0.00016190775683207271,0.9993523689726718,0.00016190775683207271
0.1729425998549462,0.20676435003626348,0.20676435003626348,0.1729425998549462,0.24058610021758073
0.00016473280902361523,0.00016473280902361523,0.9993410687639055,0.00016473280902361523,0.00016473280902361523
0.9991071354942105,0.00022321612644741565,0.00022321612644741565,0.00022321612644741565,0.00022321612644741565
0.9996883908262653,7.790229343365987e-05,7.790229343365987e-05,7.790229343365987e-05,7.790229343365987e-05
0.00010321904689369496,0.00010321904689369496,0.9995871238124252,0.00010321904689369496,0.00010321904689369496
0.00013660518049488392,0.00013660518049488392,0.00013660518049488392,0.00013660518049488392,0.9994535792780205
3.078168694121065e-05,3.078168694121065e-05,0.9998768732522352,3.078168694121065e-05,3.078168694121065e-05
0.14219248834758783,0.2,0.14219248834758783,0.25780751165241217,0.25780751165241217
0.2735145261570682,0.2735145261570682,0.16849377450411357,0.22100415033059093,0.06347302285115893
6.811535163208674e-05,6.811535163208674e-05,6.811535163208674e-05,0.9997275385934715,6.811535163208674e-05
0.0003243973159998566,0.0003243973159998566,0.9987024107360006,0.0003243973159998566,0.0003243973159998566
0.046037000003211405,0.26598414285576655,0.046037000003211405,0.3759577142820441,0.26598414285576655
7.272259764690297e-05,7.272259764690297e-05,0.9997091096094124,7.272259764690297e-05,7.272259764690297e-05
0.045867399177432246,0.045867399177432246,0.2,0.5853315020564194,0.12293369958871611
8.309993060453856e-05,8.309993060453856e-05,0.9996676002775818,8.309993060453856e-05,8.309993060453856e-05
0.026647007944172636,0.5683751081186332,0.13499262797906475,0.24333824801395687,0.026647007944172636
0.48260402942055897,0.036387140861781624,0.11075662228824452,0.036387140861781624,0.3338650665676332
0.06924533351421282,0.06924533351421282,0.06924533351421282,0.5922639994573615,0.20000000000000004
0.9997012163275547,7.469591811134371e-05,7.469591811134371e-05,7.469591811134371e-05,7.469591811134371e-05
0.000266019352798669,0.000266019352798669,0.000266019352798669,0.9989359225888054,0.000266019352798669
3.510663447277927e-05,3.510663447277927e-05,0.999859573462109,3.510663447277927e-05,3.510663447277927e-05
0.00013523150736435708,0.00013523150736435708,0.9994590739705425,0.00013523150736435708,0.00013523150736435708
0.22008194990094812,0.06946732564383751,0.1447746377723928,0.2702868246533183,0.2953892620295034
0.0018526274693604595,0.14338646499124585,0.0018526274693604595,0.0018526274693604595,0.8510556526006727
9.240151013620666e-05,9.240151013620666e-05,9.240151013620666e-05,9.240151013620666e-05,0.9996303939594551
0.000203542839738038,0.000203542839738038,0.000203542839738038,0.000203542839738038,0.9991858286410479
0.002384923062948169,0.002384923062948169,0.002384923062948169,0.86695088466255,0.12589434614860556
0.0009081010152038203,0.0009081010152038203,0.0009081010152038203,0.9963675959391848,0.0009081010152038203
0.0002309179940754062,0.9990763280236983,0.0002309179940754062,0.0002309179940754062,0.0002309179940754062
0.0004214341585788706,0.0004214341585788706,0.0004214341585788706,0.9983142633656846,0.0004214341585788706
4.8972842670276736e-05,4.8972842670276736e-05,0.9998041086293189,4.8972842670276736e-05,4.8972842670276736e-05
5.3347855991824964e-05,5.3347855991824964e-05,5.3347855991824964e-05,5.3347855991824964e-05,0.9997866085760329
0.00019021460754970997,0.00019021460754970997,0.00019021460754970997,0.9992391415698012,0.00019021460754970997
0.40649066998860206,0.096754665005699,0.096754665005699,0.2,0.2
0.1164245475797216,0.2557169682801856,0.1860707579299536,0.32536317863041764,0.1164245475797216
5.493273133734071e-05,5.493273133734071e-05,0.9997802690746507,5.493273133734071e-05,5.493273133734071e-05
0.9997012642235332,7.468394411670993e-05,7.468394411670993e-05,7.468394411670993e-05,7.468394411670993e-05
7.308077436506519e-05,7.308077436506519e-05,7.308077436506519e-05,0.9997076769025397,7.308077436506519e-05
0.00025838266499136566,0.00025838266499136566,0.9989664693400344,0.00025838266499136566,0.00025838266499136566
0.16566450950411835,0.07982578326441421,0.4231806882232307,0.07982578326441421,0.25150323574382244
0.014228490204587137,0.014228490204587137,0.014228490204587137,0.014228490204587137,0.9430860391816515
0.00010228601205702259,0.00010228601205702259,0.9995908559517719,0.00010228601205702259,0.00010228601205702259
0.0003142971570759485,0.0003142971570759485,0.0003142971570759485,0.0003142971570759485,0.9987428113716962
0.0005253969328769423,0.0005253969328769423,0.0005253969328769423,0.9978984122684923,0.0005253969328769423
0.9991737349087079,0.00020656627282304523,0.00020656627282304523,0.00020656627282304523,0.00020656627282304523
0.0002885481376737536,0.0002885481376737536,0.998845807449305,0.0002885481376737536,0.0002885481376737536
6.850693734573208e-05,6.850693734573208e-05,6.850693734573208e-05,6.850693734573208e-05,0.999725972250617
3.4909773631940506e-05,3.4909773631940506e-05,0.9998603609054723,3.4909773631940506e-05,3.4909773631940506e-05
0.00022984067820186122,0.9990806372871925,0.00022984067820186122,0.00022984067820186122,0.00022984067820186122
0.00037251569637409263,0.00037251569637409263,0.9985099372145035,0.00037251569637409263,0.00037251569637409263
0.0002726061258729101,0.0002726061258729101,0.9989095754965084,0.0002726061258729101,0.0002726061258729101
0.9993636135016801,0.00015909662457995523,0.00015909662457995523,0.00015909662457995523,0.00015909662457995523
0.9990923417381794,0.00022691456545514773,0.00022691456545514773,0.00022691456545514773,0.00022691456545514773
0.9989982127489242,0.00025044681276894306,0.00025044681276894306,0.00025044681276894306,0.00025044681276894306
9.467432586503783e-05,9.467432586503783e-05,9.467432586503783e-05,9.467432586503783e-05,0.9996213026965398
0.00017627014701084495,0.9992949194119565,0.00017627014701084495,0.00017627014701084495,0.00017627014701084495
0.0006152769786681478,0.0006152769786681478,0.0006152769786681478,0.0006152769786681478,0.9975388920853274
0.999357126368099,0.00016071840797525074,0.00016071840797525074,0.00016071840797525074,0.00016071840797525074
8.601562972851641e-05,8.601562972851641e-05,0.9996559374810859,8.601562972851641e-05,8.601562972851641e-05
0.19999999999999998,0.0391651882600134,0.0391651882600134,0.0391651882600134,0.6825044352199598
4.775062126397215e-05,4.775062126397215e-05,0.999808997514944,4.775062126397215e-05,4.775062126397215e-05
0.9995266309187775,0.00011834227030561219,0.00011834227030561219,0.00011834227030561219,0.00011834227030561219
0.9991961445146291,0.00020096387134273852,0.00020096387134273852,0.00020096387134273852,0.00020096387134273852
0.9994006637226862,0.0001498340693284418,0.0001498340693284418,0.0001498340693284418,0.0001498340693284418
0.0001548174881704178,0.0001548174881704178,0.0001548174881704178,0.0001548174881704178,0.9993807300473183
0.9988532441943596,0.0002866889514101049,0.0002866889514101049,0.0002866889514101049,0.0002866889514101049
0.0002309179940754062,0.0002309179940754062,0.9990763280236983,0.0002309179940754062,0.0002309179940754062
0.9988615316484701,0.00028461708788244197,0.00028461708788244197,0.00028461708788244197,0.00028461708788244197
0.000958675452864769,0.000958675452864769,0.9961652981885408,0.000958675452864769,0.000958675452864769
0.0002807083290753803,0.0002807083290753803,0.9988771666836984,0.0002807083290753803,0.0002807083290753803
0.9998479489512115,3.801276219710742e-05,3.801276219710742e-05,3.801276219710742e-05,3.801276219710742e-05
0.0004684152293340692,0.0004684152293340692,0.0004684152293340692,0.9981263390826638,0.0004684152293340692
0.00025914845579506126,0.00025914845579506126,0.00025914845579506126,0.9989634061768198,0.00025914845579506126
0.1166782400889179,0.2,0.1166782400889179,0.4499652797332463,0.1166782400889179
0.05789565578580006,0.5654111708365142,0.2609018618060857,0.05789565578580006,0.05789565578580006
0.2,0.21853744001447095,0.2,0.18146255998552907,0.2
0.0006812967170596237,0.0006812967170596237,0.0006812967170596237,0.9972748131317616,0.0006812967170596237
0.0002831201915537854,0.0002831201915537854,0.9988675192337849,0.0002831201915537854,0.0002831201915537854
0.00025081403201079487,0.00025081403201079487,0.00025081403201079487,0.9989967438719569,0.00025081403201079487
0.00042139862291430566,0.00042139862291430566,0.9983144055083427,0.00042139862291430566,0.00042139862291430566
0.9991606854269189,0.00020982864327025202,0.00020982864327025202,0.00020982864327025202,0.00020982864327025202
3.528365417765795e-05,0.9998588653832894,3.528365417765795e-05,3.528365417765795e-05,3.528365417765795e-05
0.00013167277557591702,0.9994733088976964,0.00013167277557591702,0.00013167277557591702,0.00013167277557591702
0.00276790148836241,0.00276790148836241,0.00276790148836241,0.00276790148836241,0.9889283940465504
0.00011699500324637999,0.00011699500324637999,0.00011699500324637999,0.00011699500324637999,0.9995320199870145
0.0006990117969643908,0.0006990117969643908,0.9972039528121425,0.0006990117969643908,0.0006990117969643908
8.456099010329386e-05,8.456099010329386e-05,8.456099010329386e-05,8.456099010329386e-05,0.9996617560395868
0.00015840728748906462,0.00015840728748906462,0.00015840728748906462,0.9993663708500438,0.00015840728748906462
0.00018798129517350696,0.00018798129517350696,0.999248074819306,0.00018798129517350696,0.00018798129517350696
9.348394233515354e-05,0.9996260642306595,9.348394233515354e-05,9.348394233515354e-05,9.348394233515354e-05
0.0003954179115983387,0.0003954179115983387,0.0003954179115983387,0.9984183283536068,0.0003954179115983387
0.0007682132125399856,0.0007682132125399856,0.0007682132125399856,0.9969271471498401,0.0007682132125399856
0.9988255944853995,0.0002936013786501,0.0002936013786501,0.0002936013786501,0.0002936013786501
0.0002553079611761064,0.0002553079611761064,0.0002553079611761064,0.9989787681552955,0.0002553079611761064
0.9989522640767318,0.0002619339808170391,0.0002619339808170391,0.0002619339808170391,0.0002619339808170391
0.00011992806058554432,0.00011992806058554432,0.9995202877576579,0.00011992806058554432,0.00011992806058554432
0.00013059272508073662,0.00013059272508073662,0.00013059272508073662,0.00013059272508073662,0.9994776290996772
0.9986959051954979,0.0003260237011255025,0.0003260237011255025,0.0003260237011255025,0.0003260237011255025
0.18618417426833203,0.18618417426833203,0.11710504560999234,0.32434243158501147,0.18618417426833203
0.00012075557929595012,0.00012075557929595012,0.00012075557929595012,0.999516977682816,0.00012075557929595012
0.0001575478585990926,0.9993698085656036,0.0001575478585990926,0.0001575478585990926,0.0001575478585990926
0.0053774207825750975,0.0053774207825750975,0.0053774207825750975,0.2834096768074678,0.7004580608448069
0.0898119457789764,0.0898119457789764,0.19999999999999998,0.0898119457789764,0.5305641626630707
0.9995669827111182,0.00010825432222045865,0.00010825432222045865,0.00010825432222045865,0.00010825432222045865
8.892269232107955e-05,8.892269232107955e-05,8.892269232107955e-05,8.892269232107955e-05,0.9996443092307158
0.9993986628945011,0.0001503342763747105,0.0001503342763747105,0.0001503342763747105,0.0001503342763747105
0.0002599811461564639,0.0002599811461564639,0.9989600754153741,0.0002599811461564639,0.0002599811461564639
7.955994636476418e-05,7.955994636476418e-05,0.999681760214541,7.955994636476418e-05,7.955994636476418e-05
0.0002309179940754062,0.9990763280236983,0.0002309179940754062,0.0002309179940754062,0.0002309179940754062
0.219460231868818,0.6086648692451774,0.024857913180638232,0.024857913180638232,0.12215907252472812
0.00011140928239317653,0.00011140928239317653,0.9995543628704273,0.00011140928239317653,0.00011140928239317653
0.0003258438839860504,0.9986966244640558,0.0003258438839860504,0.0003258438839860504,0.0003258438839860504
0.9923577425304775,0.0019105643673806255,0.0019105643673806255,0.0019105643673806255,0.0019105643673806255
9.543328883237132e-05,9.543328883237132e-05,9.543328883237132e-05,9.543328883237132e-05,0.9996182668446705
0.9988256942221916,0.0002935764444520852,0.0002935764444520852,0.0002935764444520852,0.0002935764444520852
0.0001495132713823109,0.0001495132713823109,0.0001495132713823109,0.0001495132713823109,0.9994019469144708
0.43860200904594354,0.09774199612316707,0.09774199612316707,0.09774199612316707,0.2681720025845553
0.9988713497216002,0.0002821625695999856,0.0002821625695999856,0.0002821625695999856,0.0002821625695999856
0.9993702496271114,0.0001574375932221287,0.0001574375932221287,0.0001574375932221287,0.0001574375932221287
6.199163728079278e-05,6.199163728079278e-05,0.9997520334508768,6.199163728079278e-05,6.199163728079278e-05
0.9979198357029604,0.0005200410742599188,0.0005200410742599188,0.0005200410742599188,0.0005200410742599188
0.9990403475627547,0.00023991310931133455,0.00023991310931133455,0.00023991310931133455,0.00023991310931133455
6.405433465756508e-05,0.9997437826613698,6.405433465756508e-05,6.405433465756508e-05,6.405433465756508e-05
0.00011124293980160934,0.00011124293980160934,0.9995550282407935,0.00011124293980160934,0.00011124293980160934
0.00016494225105398411,0.00016494225105398411,0.9993402309957842,0.00016494225105398411,0.00016494225105398411
0.09762531343291568,0.09762531343291568,0.43887426865653006,0.09762531343291568,0.26824979104472285
0.00015526195409187808,0.00015526195409187808,0.9993789521836325,0.00015526195409187808,0.00015526195409187808
0.00024174831089828383,0.00024174831089828383,0.9990330067564069,0.00024174831089828383,0.00024174831089828383
0.40628496838352685,0.13485737840520207,0.189142896400867,0.189142896400867,0.08057186040953712
0.00015741236798042128,0.00015741236798042128,0.00015741236798042128,0.9993703505280783,0.00015741236798042128
0.0018609172104648148,0.0018609172104648148,0.0018609172104648148,0.9925563311581408,0.0018609172104648148
0.00022850128072168137,0.00022850128072168137,0.00022850128072168137,0.9990859948771132,0.00022850128072168137
0.000224170255174543,0.000224170255174543,0.9991033189793017,0.000224170255174543,0.000224170255174543
0.00014832482841004285,0.00014832482841004285,0.99940670068636,0.00014832482841004285,0.00014832482841004285
0.0005801581930557931,0.0005801581930557931,0.0005801581930557931,0.0005801581930557931,0.9976793672277768
0.00015663134078871968,0.00015663134078871968,0.00015663134078871968,0.9993734746368451,0.00015663134078871968
0.0005143797456556969,0.0005143797456556969,0.0005143797456556969,0.9979424810173771,0.0005143797456556969
0.00018955166351059568,0.00018955166351059568,0.9992417933459575,0.00018955166351059568,0.00018955166351059568
0.0001543217540262533,0.0001543217540262533,0.0001543217540262533,0.9993827129838949,0.0001543217540262533
9.937920281565233e-05,9.937920281565233e-05,9.937920281565233e-05,9.937920281565233e-05,0.9996024831887375
0.06174189344750906,0.5226022486224788,0.1769569822412515,0.06174189344750906,0.1769569822412515
0.9978299627680214,0.0005425093079946542,0.0005425093079946542,0.0005425093079946542,0.0005425093079946542
0.1145911301393872,0.18576518835656453,0.18576518835656453,0.1145911301393872,0.39928736300809653
0.9989004222696045,0.0002748944325988345,0.0002748944325988345,0.0002748944325988345,0.0002748944325988345
6.727652232103516e-05,6.727652232103516e-05,6.727652232103516e-05,0.9997308939107158,6.727652232103516e-05
0.00013078936533093548,0.00013078936533093548,0.00013078936533093548,0.9994768425386762,0.00013078936533093548
0.9994109539094327,0.00014726152264184428,0.00014726152264184428,0.00014726152264184428,0.00014726152264184428
0.9992909466519159,0.00017726333702104975,0.00017726333702104975,0.00017726333702104975,0.00017726333702104975
6.713791171488053e-05,0.9997314483531404,6.713791171488053e-05,6.713791171488053e-05,6.713791171488053e-05
0.000242284983635719,0.000242284983635719,0.000242284983635719,0.000242284983635719,0.9990308600654573
0.27079507257598423,0.1292049274240158,0.1292049274240158,0.3415901451519684,0.1292049274240158
0.00022998320972107906,0.00022998320972107906,0.9990800671611156,0.00022998320972107906,0.00022998320972107906
0.054312389773716815,0.15837496850677624,0.054312389773716815,0.6786878621720734,0.054312389773716815
0.00031703687055980657,0.00031703687055980657,0.00031703687055980657,0.9987318525177608,0.00031703687055980657
3.73686472821179e-05,0.9998505254108715,3.73686472821179e-05,3.73686472821179e-05,3.73686472821179e-05
0.0002744019348915464,0.9989023922604339,0.0002744019348915464,0.0002744019348915464,0.0002744019348915464
0.9998059660260923,4.850849347695021e-05,4.850849347695021e-05,4.850849347695021e-05,4.850849347695021e-05
0.1826913943920488,0.2692344224318049,0.1826913943920488,0.1826913943920488,0.1826913943920488
0.9993685912141904,0.000157852196452393,0.000157852196452393,0.000157852196452393,0.000157852196452393
0.00033265638414610785,0.00033265638414610785,0.9986693744634154,0.00033265638414610785,0.00033265638414610785
0.00026230007537774103,0.00026230007537774103,0.00026230007537774103,0.00026230007537774103,0.9989507996984891
0.0005752804524011471,0.0005752804524011471,0.0005752804524011471,0.0005752804524011471,0.9976988781903953
7.066793620887208e-05,0.9997173282551645,7.066793620887208e-05,7.066793620887208e-05,7.066793620887208e-05
3.712614749120654e-05,3.712614749120654e-05,0.9998514954100353,3.712614749120654e-05,3.712614749120654e-05
0.9993189030369882,0.000170274240752933,0.000170274240752933,0.000170274240752933,0.000170274240752933
0.006151100151596633,0.006151100151596633,0.006151100151596633,0.006151100151596633,0.9753955993936135
0.00044844258622724726,0.00044844258622724726,0.9982062296550909,0.00044844258622724726,0.00044844258622724726
0.00023550565939738593,0.00023550565939738593,0.9990579773624104,0.00023550565939738593,0.00023550565939738593
0.0005783399811705846,0.0005783399811705846,0.9976866400753176,0.0005783399811705846,0.0005783399811705846
0.0001275213250099343,0.0001275213250099343,0.9994899146999604,0.0001275213250099343,0.0001275213250099343
0.0009417321775700943,0.0009417321775700943,0.9962330712897196,0.0009417321775700943,0.0009417321775700943
0.0002309179940754062,0.0002309179940754062,0.0002309179940754062,0.9990763280236983,0.0002309179940754062
0.9987543895041004,0.00031140262397485736,0.00031140262397485736,0.00031140262397485736,0.00031140262397485736
0.00014655489573133575,0.9994137804170747,0.00014655489573133575,0.00014655489573133575,0.00014655489573133575
0.9986798605659066,0.00033003485852331054,0.00033003485852331054,0.00033003485852331054,0.00033003485852331054
0.00026963933926680607,0.00026963933926680607,0.00026963933926680607,0.00026963933926680607,0.9989214426429327
0.13284380904460244,0.26715619095539755,0.2,0.26715619095539755,0.13284380904460244
0.0001569339645949527,0.0001569339645949527,0.9993722641416202,0.0001569339645949527,0.0001569339645949527
0.9996026128712923,9.934678217694658e-05,9.934678217694658e-05,9.934678217694658e-05,9.934678217694658e-05
0.2201759289377707,0.11929628424891736,0.321055573626624,0.169736106593344,0.169736106593344
0.00017627014701084495,0.00017627014701084495,0.9992949194119565,0.00017627014701084495,0.00017627014701084495
0.00018415704318913256,0.00018415704318913256,0.00018415704318913256,0.00018415704318913256,0.9992633718272435
0.0002309179940754062,0.0002309179940754062,0.0002309179940754062,0.9990763280236983,0.0002309179940754062
0.20550746325541738,0.15043283070124366,0.23304477953250424,0.17797014697833052,0.23304477953250424
0.0013446738970318327,0.9946213044118726,0.0013446738970318327,0.0013446738970318327,0.0013446738970318327
0.9988046374375962,0.0002988406406009356,0.0002988406406009356,0.0002988406406009356,0.0002988406406009356
0.00041083346339235014,0.00041083346339235014,0.9983566661464307,0.00041083346339235014,0.00041083346339235014
0.18722395074540144,0.18722395074540144,0.3788646895643796,0.12334370447240875,0.12334370447240875
0.00033368441518430913,0.00033368441518430913,0.9986652623392628,0.00033368441518430913,0.00033368441518430913
0.00014120535153072113,0.9994351785938771,0.00014120535153072113,0.00014120535153072113,0.00014120535153072113
0.00018265327336560084,0.00018265327336560084,0.9992693869065377,0.00018265327336560084,0.00018265327336560084
0.0002876880986806441,0.9988492476052774,0.0002876880986806441,0.0002876880986806441,0.0002876880986806441
0.9988060933715045,0.000298476657123849,0.000298476657123849,0.000298476657123849,0.000298476657123849
7.376453600726244e-05,7.376453600726244e-05,7.376453600726244e-05,7.376453600726244e-05,0.9997049418559709
0.9996300349525162,9.249126187094055e-05,9.249126187094055e-05,9.249126187094055e-05,9.249126187094055e-05
6.048858163250291e-05,6.048858163250291e-05,6.048858163250291e-05,0.9997580456734699,6.048858163250291e-05
0.03251141924212319,0.7024657422736305,0.19999999999999998,0.03251141924212319,0.03251141924212319
0.0001320660207125327,0.0001320660207125327,0.9994717359171498,0.0001320660207125327,0.0001320660207125327
0.00025166318442088384,0.00025166318442088384,0.9989933472623165,0.00025166318442088384,0.00025166318442088384
0.44321206054780526,0.0010083140972502937,0.0010083140972502937,0.553762997160444,0.0010083140972502937
0.9988573960510719,0.00028565098723201237,0.00028565098723201237,0.00028565098723201237,0.00028565098723201237
0.000945572032871513,0.000945572032871513,0.996217711868514,0.000945572032871513,0.000945572032871513
0.19351307307648172,0.19351307307648172,0.2583823423116646,0.16107843845889025,0.19351307307648172
0.07644940866667871,0.2529502534285663,0.3412006758095101,0.2529502534285663,0.07644940866667871
0.0036779538417579666,0.0036779538417579666,0.0036779538417579666,0.9852881846329681,0.0036779538417579666
0.9987933764807061,0.00030165587982348903,0.00030165587982348903,0.00030165587982348903,0.00030165587982348903
0.9944864775107465,0.001378380622313379,0.001378380622313379,0.001378380622313379,0.001378380622313379
0.00032295809967098363,0.00032295809967098363,0.9987081676013161,0.00032295809967098363,0.00032295809967098363
0.9998091925907406,4.7701852314824244e-05,4.7701852314824244e-05,4.7701852314824244e-05,4.7701852314824244e-05
0.000147897366320246,0.000147897366320246,0.000147897366320246,0.000147897366320246,0.9994084105347191
0.00012079005077203202,0.00012079005077203202,0.00012079005077203202,0.00012079005077203202,0.9995168397969119
0.0003889171893835137,0.0003889171893835137,0.0003889171893835137,0.9984443312424659,0.0003889171893835137
0.11905152093781554,0.06123117875054091,0.8128956271851111,0.0034108365632662765,0.0034108365632662765
0.00011732888681008401,0.00011732888681008401,0.9995306844527597,0.00011732888681008401,0.00011732888681008401
0.00023291545477410825,0.00023291545477410825,0.9990683381809036,0.00023291545477410825,0.00023291545477410825
0.08896202050695942,0.08896202050695942,0.2,0.4220759589860812,0.2
0.000143861537130622,0.000143861537130622,0.000143861537130622,0.000143861537130622,0.9994245538514775
0.0035435438301071797,0.0035435438301071797,0.0035435438301071797,0.9858258246795714,0.0035435438301071797
0.000662733367923513,0.9973490665283059,0.000662733367923513,0.000662733367923513,0.000662733367923513
0.0001402438369453521,0.9994390246522186,0.0001402438369453521,0.0001402438369453521,0.0001402438369453521
0.00027317397447404343,0.00027317397447404343,0.00027317397447404343,0.9989073041021038,0.00027317397447404343
0.000367664132267532,0.000367664132267532,0.000367664132267532,0.9985293434709298,0.000367664132267532
0.00019769649660058024,0.9992092140135977,0.00019769649660058024,0.00019769649660058024,0.00019769649660058024
9.844930804388077e-05,9.844930804388077e-05,9.844930804388077e-05,0.9996062027678245,9.844930804388077e-05
0.00021421633559100175,0.00021421633559100175,0.999143134657636,0.00021421633559100175,0.00021421633559100175
0.0002491755706209153,0.0002491755706209153,0.9990032977175163,0.0002491755706209153,0.0002491755706209153
0.00018265327336560084,0.00018265327336560084,0.00018265327336560084,0.00018265327336560084,0.9992693869065377
0.21402903980428703,0.21402903980428703,0.4244646368685927,0.07373864176141659,0.07373864176141659
0.012059159736516065,0.012059159736516065,0.012059159736516065,0.012059159736516065,0.9517633610539358
0.9995529315634619,0.00011176710913454094,0.00011176710913454094,0.00011176710913454094,0.00011176710913454094
0.9989816200679617,0.0002545949830095812,0.0002545949830095812,0.0002545949830095812,0.0002545949830095812
0.9990151176825649,0.0002462205793588035,0.0002462205793588035,0.0002462205793588035,0.0002462205793588035
0.0003000321059904006,0.9987998715760384,0.0003000321059904006,0.0003000321059904006,0.0003000321059904006
0.0002754737012857163,0.0002754737012857163,0.0002754737012857163,0.9988981051948571,0.0002754737012857163
5.373160063762336e-05,5.373160063762336e-05,0.9997850735974496,5.373160063762336e-05,5.373160063762336e-05
0.06935537840269157,0.06935537840269157,0.19999999999999998,0.06935537840269157,0.5919338647919253
0.0016607523902919766,0.0016607523902919766,0.0016607523902919766,0.0016607523902919766,0.993356990438832
0.9987444401826143,0.0003138899543464588,0.0003138899543464588,0.0003138899543464588,0.0003138899543464588
0.9989624069470492,0.00025939826323772945,0.00025939826323772945,0.00025939826323772945,0.00025939826323772945
0.9986296497534677,0.00034258756163308703,0.00034258756163308703,0.00034258756163308703,0.00034258756163308703
0.00011160959642253532,0.00011160959642253532,0.00011160959642253532,0.00011160959642253532,0.9995535616143097
0.000665527759511336,0.000665527759511336,0.000665527759511336,0.9973378889619547,0.000665527759511336
0.9992884125809528,0.0001778968547618383,0.0001778968547618383,0.0001778968547618383,0.0001778968547618383
0.6271699231195538,0.2118658311977654,0.09320751922011156,0.03387836323128464,0.03387836323128464
0.000198999527233947,0.000198999527233947,0.000198999527233947,0.000198999527233947,0.9992040018910643
0.9993401903915888,0.00016495240210277222,0.00016495240210277222,0.00016495240210277222,0.00016495240210277222
0.00011804076594705594,0.00011804076594705594,0.9995278369362118,0.00011804076594705594,0.00011804076594705594
5.744331956124739e-05,5.744331956124739e-05,0.999770226721755,5.744331956124739e-05,5.744331956124739e-05
0.0001705192134306516,0.0001705192134306516,0.0001705192134306516,0.9993179231462773,0.0001705192134306516
0.9989394516835863,0.00026513707910338436,0.00026513707910338436,0.00026513707910338436,0.00026513707910338436
0.9989851190294933,0.0002537202426266582,0.0002537202426266582,0.0002537202426266582,0.0002537202426266582
7.591406441891498e-05,7.591406441891498e-05,0.9996963437423243,7.591406441891498e-05,7.591406441891498e-05
0.0001628289059745793,0.9993486843761016,0.0001628289059745793,0.0001628289059745793,0.0001628289059745793
6.598026486060106e-05,6.598026486060106e-05,6.598026486060106e-05,6.598026486060106e-05,0.9997360789405577
0.0002831310148324759,0.0002831310148324759,0.0002831310148324759,0.9988674759406702,0.0002831310148324759
0.0001636024841925168,0.99934559006323,0.0001636024841925168,0.0001636024841925168,0.0001636024841925168
0.9970179771179665,0.0007455057205084058,0.0007455057205084058,0.0007455057205084058,0.0007455057205084058
0.00013706259655677013,0.00013706259655677013,0.999451749613773,0.00013706259655677013,0.00013706259655677013
0.00018315952559437375,0.9992673618976226,0.00018315952559437375,0.00018315952559437375,0.00018315952559437375
0.0002309179940754062,0.0002309179940754062,0.0002309179940754062,0.9990763280236983,0.0002309179940754062
0.00020622034714430531,0.00020622034714430531,0.9991751186114227,0.00020622034714430531,0.00020622034714430531
0.011731426495835919,0.011731426495835919,0.9530742940166564,0.011731426495835919,0.011731426495835919
0.02044362160557092,0.12606502066111744,0.39011851829998373,0.442929217827757,0.02044362160557092
0.9989846668073735,0.00025383329815659904,0.00025383329815659904,0.00025383329815659904,0.00025383329815659904
0.0014399641786382443,0.994240143285447,0.0014399641786382443,0.0014399641786382443,0.0014399641786382443
0.00015080252200816102,0.00015080252200816102,0.00015080252200816102,0.00015080252200816102,0.9993967899119675
8.865230210487777e-05,8.865230210487777e-05,8.865230210487777e-05,0.9996453907915805,8.865230210487777e-05
0.0004370297174004968,0.9982518811303981,0.0004370297174004968,0.0004370297174004968,0.0004370297174004968
0.9992025308391187,0.00019936729022032695,0.00019936729022032695,0.00019936729022032695,0.00019936729022032695
0.0004826325404951698,0.0004826325404951698,0.0004826325404951698,0.0004826325404951698,0.9980694698380193
0.0001979712594709669,0.0001979712594709669,0.0001979712594709669,0.0001979712594709669,0.9992081149621161
0.0002475336883081551,0.9990098652467674,0.0002475336883081551,0.0002475336883081551,0.0002475336883081551
0.25738019140907376,0.22151757177840267,0.18565495214773156,0.18565495214773156,0.14979233251706048
0.9996439711424671,8.900721438322445e-05,8.900721438322445e-05,8.900721438322445e-05,8.900721438322445e-05
0.1372334152594688,0.2941498771107968,0.24184438982702083,0.18953890254324482,0.1372334152594688
0.0006740556166796426,0.0006740556166796426,0.9973037775332815,0.0006740556166796426,0.0006740556166796426
0.0001074664757409321,0.0001074664757409321,0.0001074664757409321,0.9995701340970362,0.0001074664757409321
0.00030789793121794635,0.9987684082751284,0.00030789793121794635,0.00030789793121794635,0.00030789793121794635
0.00023991310931133455,0.00023991310931133455,0.00023991310931133455,0.00023991310931133455,0.9990403475627547
0.6748022161062911,0.046387518318552895,0.18603522893805027,0.046387518318552895,0.046387518318552895
8.37164104043113e-05,8.37164104043113e-05,0.9996651343583829,8.37164104043113e-05,8.37164104043113e-05
0.9992202190104431,0.0001949452473892201,0.0001949452473892201,0.0001949452473892201,0.0001949452473892201
0.00014120535153072113,0.00014120535153072113,0.9994351785938771,0.00014120535153072113,0.00014120535153072113
0.9984571094917659,0.0003857226270585158,0.0003857226270585158,0.0003857226270585158,0.0003857226270585158
0.9987397786741169,0.00031505533147078345,0.00031505533147078345,0.00031505533147078345,0.00031505533147078345
0.00035671288047373935,0.00035671288047373935,0.00035671288047373935,0.998573148478105,0.00035671288047373935
0.00024868804294926735,0.9990052478282029,0.00024868804294926735,0.00024868804294926735,0.00024868804294926735
0.9878066689495302,0.0030483327626174596,0.0030483327626174596,0.0030483327626174596,0.0030483327626174596
0.00013091351667053166,0.999476345933318,0.00013091351667053166,0.00013091351667053166,0.00013091351667053166
0.0006137320483521422,0.0006137320483521422,0.0006137320483521422,0.9975450718065914,0.0006137320483521422
5.8283463046969716e-05,5.8283463046969716e-05,0.9997668661478121,5.8283463046969716e-05,5.8283463046969716e-05
5.9942164177776e-05,5.9942164177776e-05,5.9942164177776e-05,0.9997602313432888,5.9942164177776e-05
0.00020492168969804306,0.00020492168969804306,0.00020492168969804306,0.00020492168969804306,0.9991803132412077
0.00014756628157173909,0.00014756628157173909,0.00014756628157173909,0.9994097348737131,0.00014756628157173909
0.9994446138829354,0.00013884652926612163,0.00013884652926612163,0.00013884652926612163,0.00013884652926612163
