{
 "cells": [
  {
   "cell_type": "code",
   "execution_count": 3,
   "metadata": {
    "collapsed": true
   },
   "outputs": [],
   "source": [
    "% matplotlib inline\n",
    "import numpy as np\n",
    "import pandas as pd\n",
    "import matplotlib.pyplot as plt\n",
    "import seaborn\n",
    "import os"
   ]
  },
  {
   "cell_type": "code",
   "execution_count": 14,
   "metadata": {
    "collapsed": false
   },
   "outputs": [],
   "source": [
    "def idx2color(idx):\n",
    "    D = {0:'red', 1:'blue', 2:'yellow', 3:'green', 4:'pink', 5:'red', 6:'blue', 7:'yellow', 8:'green', 9:'pink'}\n",
    "    return D[idx]\n",
    "\n",
    "def f(path, K):\n",
    "    files = os.listdir(path)\n",
    "    col_name = np.loadtxt(path + 'itemdist_columns.txt', delimiter=',', dtype=int)\n",
    "    \n",
    "    itemdists = []\n",
    "    for i in range(12):\n",
    "        tmp = np.loadtxt(path + files[i], delimiter=',')\n",
    "        itemdists.append(tmp)\n",
    "        \n",
    "    colors = list(map(idx2color, col_name))\n",
    "    \n",
    "    fig, axes = plt.subplots(12, K, figsize=(30, 30))\n",
    "    x = np.arange(10)\n",
    "    \n",
    "    for i in range(12):\n",
    "        for j in range(K):\n",
    "            axes[i, j].bar(x,itemdists[i][j], color=colors, alpha=0.7)\n",
    "            if i==0:\n",
    "                axes[i, j].set_title('cluster%d' %j)\n",
    "            if j==0:\n",
    "                axes[i, j].set_ylabel('month%d'  %i)\n",
    "            axes[i, j].set_xticks(x+0.5)\n",
    "            axes[i, j].set_xticklabels(colors)"
   ]
  },
  {
   "cell_type": "code",
   "execution_count": 15,
   "metadata": {
    "collapsed": false
   },
   "outputs": [
    {
     "name": "stdout",
     "output_type": "stream",
     "text": [
      "0 0\n",
      "[array([[  3.16774908e-01,   1.17434385e-01,   4.49665506e-05,\n",
      "          1.36735611e-01,   2.58554819e-01,   1.22180588e-01,\n",
      "          4.81398228e-02,   4.49665506e-05,   4.49665506e-05,\n",
      "          4.49665506e-05],\n",
      "       [  4.10389369e-05,   4.10389369e-05,   3.73244219e-01,\n",
      "          6.26450941e-02,   4.10389369e-05,   1.26286786e-01,\n",
      "          4.10389369e-05,   3.79124158e-01,   5.81486703e-02,\n",
      "          3.86917695e-04],\n",
      "       [  3.15269851e-01,   1.94237650e-01,   4.61825374e-02,\n",
      "          6.67351751e-02,   1.61505672e-01,   1.40191825e-01,\n",
      "          6.21679223e-02,   1.34505587e-02,   1.29404539e-04,\n",
      "          1.29404539e-04],\n",
      "       [  2.56171201e-01,   1.45946956e-01,   5.30840393e-02,\n",
      "          1.11224300e-01,   1.98434692e-01,   1.38679424e-01,\n",
      "          6.88303600e-02,   2.64364197e-02,   1.00005548e-03,\n",
      "          1.92551859e-04],\n",
      "       [  2.52122487e-01,   1.83380945e-01,   7.01651485e-05,\n",
      "          1.67468551e-01,   2.19979451e-01,   7.04029470e-02,\n",
      "          5.38540572e-02,   7.01651485e-05,   5.25810656e-02,\n",
      "          7.01651485e-05]]), array([[  2.27700523e-01,   7.84896454e-02,   1.66321795e-02,\n",
      "          1.95116129e-01,   2.25235512e-01,   1.18825628e-01,\n",
      "          3.30344277e-02,   4.76576775e-07,   1.04965002e-01,\n",
      "          4.76576775e-07],\n",
      "       [  1.84431133e-02,   1.08738653e-06,   4.12082770e-01,\n",
      "          4.52144451e-02,   5.10207329e-03,   1.55590963e-01,\n",
      "          1.05954427e-02,   3.34939012e-01,   1.80208422e-02,\n",
      "          1.02519491e-05],\n",
      "       [  2.96845114e-01,   1.34052815e-01,   3.87722549e-02,\n",
      "          1.29279919e-01,   1.59830153e-01,   1.43274273e-01,\n",
      "          6.14748646e-02,   1.62859251e-02,   2.01802383e-02,\n",
      "          4.44259153e-06],\n",
      "       [  2.67632654e-01,   1.25290753e-01,   7.13188308e-02,\n",
      "          1.18791700e-01,   1.98166035e-01,   1.27623739e-01,\n",
      "          5.45608170e-02,   2.87055815e-02,   7.88516983e-03,\n",
      "          2.47203663e-05],\n",
      "       [  2.46221523e-01,   1.16407973e-01,   8.52733113e-03,\n",
      "          1.98216523e-01,   2.02144843e-01,   9.92793439e-02,\n",
      "          4.93221537e-02,   5.04017762e-03,   7.48369527e-02,\n",
      "          3.17812082e-06]]), array([[  2.77318093e-01,   1.34622312e-01,   2.10186612e-02,\n",
      "          1.58208864e-01,   1.56706688e-01,   1.32371355e-01,\n",
      "          3.17876398e-02,   3.14807237e-03,   8.48182759e-02,\n",
      "          3.84950643e-08],\n",
      "       [  2.09952756e-02,   5.74430602e-03,   3.92618295e-01,\n",
      "          3.79457073e-02,   1.17085815e-02,   1.54833372e-01,\n",
      "          9.54708218e-03,   3.59646089e-01,   6.95919927e-03,\n",
      "          2.09174672e-06],\n",
      "       [  3.09608840e-01,   1.92937354e-01,   3.07399698e-02,\n",
      "          1.25340388e-01,   1.28403297e-01,   1.04513339e-01,\n",
      "          6.50942241e-02,   2.22414873e-02,   2.11205381e-02,\n",
      "          5.62779092e-07],\n",
      "       [  3.00890600e-01,   1.58212917e-01,   3.16679560e-02,\n",
      "          1.57651847e-01,   1.47497045e-01,   1.26289465e-01,\n",
      "          4.34491015e-02,   1.94854654e-02,   1.48534687e-02,\n",
      "          2.13413769e-06],\n",
      "       [  2.61184427e-01,   1.54142817e-01,   1.69482283e-02,\n",
      "          1.93523604e-01,   1.18385602e-01,   1.13640844e-01,\n",
      "          4.06604769e-02,   7.08235832e-03,   9.36981814e-02,\n",
      "          7.33462323e-04]]), array([[  3.18603019e-01,   2.76215959e-01,   2.21400241e-02,\n",
      "          7.91516717e-02,   8.47927225e-02,   1.00057428e-01,\n",
      "          9.85440121e-02,   6.89967005e-03,   1.13232451e-02,\n",
      "          2.27224924e-03],\n",
      "       [  2.08233139e-02,   7.80149795e-03,   3.79409060e-01,\n",
      "          6.87567738e-03,   5.34848564e-03,   9.95514719e-02,\n",
      "          9.88963159e-03,   4.68028880e-01,   2.27186044e-03,\n",
      "          1.21754888e-07],\n",
      "       [  2.42296251e-01,   2.86762769e-01,   2.07493570e-02,\n",
      "          9.56925055e-02,   9.59391283e-02,   1.19022332e-01,\n",
      "          9.94977375e-02,   1.91032665e-02,   2.09366088e-02,\n",
      "          4.53144828e-08],\n",
      "       [  2.51080090e-01,   2.81502760e-01,   3.22986673e-02,\n",
      "          8.60528671e-02,   1.08938267e-01,   1.05810744e-01,\n",
      "          1.01891469e-01,   2.95981325e-02,   1.76481850e-03,\n",
      "          1.06218438e-03],\n",
      "       [  2.64863899e-01,   3.07573665e-01,   1.10779685e-02,\n",
      "          6.63828724e-02,   1.12668418e-01,   9.89111814e-02,\n",
      "          1.15967449e-01,   7.95012353e-03,   1.36137432e-02,\n",
      "          9.90679326e-04]]), array([[  2.46418079e-01,   2.24914801e-01,   3.63430198e-02,\n",
      "          7.83785303e-02,   1.22148494e-01,   1.18044448e-01,\n",
      "          1.10286345e-01,   5.40642704e-02,   5.84898558e-03,\n",
      "          3.55302711e-03],\n",
      "       [  1.62860332e-02,   5.83935589e-03,   3.14833142e-01,\n",
      "          1.16650936e-02,   3.01066963e-03,   7.68640257e-02,\n",
      "          1.82733525e-02,   5.36503557e-01,   1.42788673e-04,\n",
      "          1.65819822e-02],\n",
      "       [  2.14804904e-01,   2.50230171e-01,   2.24678377e-02,\n",
      "          6.46966762e-02,   9.75955638e-02,   9.60890813e-02,\n",
      "          1.41051896e-01,   3.20297823e-02,   7.23376930e-03,\n",
      "          7.38003180e-02],\n",
      "       [  2.53933835e-01,   2.82904921e-01,   3.54287278e-02,\n",
      "          7.73984383e-02,   1.14873702e-01,   9.93625688e-02,\n",
      "          1.01857696e-01,   2.85265189e-02,   3.46515085e-03,\n",
      "          2.24844025e-03],\n",
      "       [  2.53635566e-01,   2.15433239e-01,   1.69775905e-02,\n",
      "          7.08004293e-02,   1.11491382e-01,   6.26185034e-02,\n",
      "          1.16887030e-01,   1.53748693e-02,   1.55332443e-02,\n",
      "          1.21248147e-01]]), array([[ 0.26328062,  0.2512643 ,  0.02634909,  0.11343699,  0.12672506,\n",
      "         0.08333802,  0.10339242,  0.01711248,  0.009504  ,  0.00559701],\n",
      "       [ 0.01518841,  0.00183214,  0.35951244,  0.01470989,  0.00358496,\n",
      "         0.10124558,  0.0194857 ,  0.47002534,  0.00369713,  0.01071842],\n",
      "       [ 0.28184599,  0.24314359,  0.027512  ,  0.08537883,  0.10734897,\n",
      "         0.09912858,  0.11268324,  0.02778609,  0.00429596,  0.01087676],\n",
      "       [ 0.24297947,  0.23056826,  0.05648414,  0.0911733 ,  0.11643516,\n",
      "         0.10155227,  0.09659519,  0.05307248,  0.00668807,  0.00445165],\n",
      "       [ 0.25976681,  0.27646472,  0.02948089,  0.08518214,  0.13063157,\n",
      "         0.09021271,  0.08660975,  0.03624848,  0.00405423,  0.00134869]]), array([[ 0.29319425,  0.15102195,  0.03883028,  0.13530575,  0.15380178,\n",
      "         0.10141496,  0.07768909,  0.0195608 ,  0.02851245,  0.00066868],\n",
      "       [ 0.01622112,  0.00353041,  0.35755859,  0.01719912,  0.00233988,\n",
      "         0.10998103,  0.01902772,  0.4647624 ,  0.00375212,  0.00562761],\n",
      "       [ 0.29811492,  0.18197684,  0.03813129,  0.10927649,  0.12690384,\n",
      "         0.1249788 ,  0.08397961,  0.02805851,  0.00697875,  0.00160094],\n",
      "       [ 0.25830232,  0.17731274,  0.04488721,  0.11911245,  0.1248124 ,\n",
      "         0.12601517,  0.09668349,  0.03778581,  0.01013467,  0.00495374],\n",
      "       [ 0.27844975,  0.17932868,  0.03961938,  0.12145613,  0.1489934 ,\n",
      "         0.10783995,  0.0821644 ,  0.02748928,  0.01365772,  0.00100131]]), array([[  2.51262860e-01,   1.27988313e-01,   5.27537521e-02,\n",
      "          1.36781316e-01,   1.43194739e-01,   1.32369756e-01,\n",
      "          7.38577933e-02,   3.38409112e-02,   4.78757621e-02,\n",
      "          7.47969023e-05],\n",
      "       [  1.84562250e-02,   2.69399292e-03,   3.49374012e-01,\n",
      "          2.38023010e-02,   5.98282873e-03,   9.13941879e-02,\n",
      "          1.71421100e-02,   4.79353327e-01,   1.05271001e-02,\n",
      "          1.27391637e-03],\n",
      "       [  2.67809502e-01,   1.51348478e-01,   5.52129964e-02,\n",
      "          1.27882565e-01,   1.32748099e-01,   1.20750525e-01,\n",
      "          7.81193239e-02,   4.64323063e-02,   1.88610201e-02,\n",
      "          8.35184686e-04],\n",
      "       [  2.11673463e-01,   1.34293208e-01,   7.14124663e-02,\n",
      "          1.56429644e-01,   1.59933499e-01,   1.04073999e-01,\n",
      "          5.82419754e-02,   6.58825528e-02,   3.78720544e-02,\n",
      "          1.87139138e-04],\n",
      "       [  2.60623509e-01,   1.45601175e-01,   4.38431665e-02,\n",
      "          1.57932786e-01,   1.46183390e-01,   1.05324066e-01,\n",
      "          7.27978642e-02,   3.59370349e-02,   3.16292963e-02,\n",
      "          1.27711110e-04]]), array([[  2.58141893e-01,   1.95395606e-01,   3.42226448e-02,\n",
      "          1.38569585e-01,   1.79938971e-01,   9.47312606e-02,\n",
      "          5.57462494e-02,   2.15598880e-02,   2.16885777e-02,\n",
      "          5.32497165e-06],\n",
      "       [  1.82648128e-02,   1.04830073e-02,   3.36429613e-01,\n",
      "          1.94958252e-02,   9.21755929e-03,   9.69966496e-02,\n",
      "          1.60225360e-02,   4.80089557e-01,   1.19671049e-02,\n",
      "          1.03333504e-03],\n",
      "       [  2.56391696e-01,   2.28675454e-01,   3.81944443e-02,\n",
      "          1.26595936e-01,   1.48631846e-01,   9.71726150e-02,\n",
      "          4.85387346e-02,   2.07290544e-02,   3.50156684e-02,\n",
      "          5.45517465e-05],\n",
      "       [  2.61064723e-01,   2.07418841e-01,   4.70364400e-02,\n",
      "          1.19037075e-01,   1.68528708e-01,   9.72714146e-02,\n",
      "          5.34659556e-02,   3.41777624e-02,   1.19885577e-02,\n",
      "          1.05232852e-05],\n",
      "       [  2.62874744e-01,   2.00991691e-01,   2.18314231e-02,\n",
      "          1.26394415e-01,   1.84241839e-01,   9.08825656e-02,\n",
      "          6.38488548e-02,   1.66179807e-02,   3.23062675e-02,\n",
      "          1.02185878e-05]]), array([[  2.59495135e-01,   2.00752220e-01,   2.84896736e-02,\n",
      "          1.20749444e-01,   2.03060659e-01,   7.70932475e-02,\n",
      "          5.37786970e-02,   1.66136658e-02,   3.99663712e-02,\n",
      "          8.87062624e-07],\n",
      "       [  2.14990118e-02,   1.07630284e-02,   3.40602238e-01,\n",
      "          2.16529106e-02,   9.82290539e-03,   1.10752085e-01,\n",
      "          1.43473119e-02,   4.59850969e-01,   9.87113603e-03,\n",
      "          8.38404355e-04],\n",
      "       [  2.35156869e-01,   2.16648873e-01,   3.09722393e-02,\n",
      "          1.28444236e-01,   1.80915888e-01,   8.88691680e-02,\n",
      "          5.70906564e-02,   1.37442229e-02,   4.81483402e-02,\n",
      "          9.50746893e-06],\n",
      "       [  2.47659522e-01,   2.22813676e-01,   3.46301057e-02,\n",
      "          1.23853242e-01,   1.92549344e-01,   8.67536491e-02,\n",
      "          4.94305974e-02,   2.71933115e-02,   1.51140928e-02,\n",
      "          2.45839151e-06],\n",
      "       [  2.40551375e-01,   2.06497081e-01,   2.03138791e-02,\n",
      "          1.38422902e-01,   1.93489466e-01,   8.38979753e-02,\n",
      "          5.14071213e-02,   1.39508893e-02,   5.14672889e-02,\n",
      "          2.02174957e-06]]), array([[  2.34541861e-01,   1.65369931e-01,   3.03073859e-02,\n",
      "          1.56400576e-01,   2.01396389e-01,   1.00051345e-01,\n",
      "          5.08829596e-02,   1.98799579e-02,   4.11694738e-02,\n",
      "          1.21147835e-07],\n",
      "       [  2.29541140e-02,   5.75932622e-03,   3.75728216e-01,\n",
      "          2.42037251e-02,   9.69872558e-03,   1.28759527e-01,\n",
      "          1.28536616e-02,   4.12657458e-01,   7.25486852e-03,\n",
      "          1.30378096e-04],\n",
      "       [  2.68380764e-01,   1.46499359e-01,   4.17292631e-02,\n",
      "          1.40051182e-01,   1.73219237e-01,   1.11025797e-01,\n",
      "          6.97709031e-02,   1.91373564e-02,   3.01854432e-02,\n",
      "          6.95041018e-07],\n",
      "       [  2.73377555e-01,   1.46616261e-01,   5.71767064e-02,\n",
      "          1.25281181e-01,   1.47792271e-01,   1.07094642e-01,\n",
      "          7.96610417e-02,   3.72402657e-02,   2.57599515e-02,\n",
      "          1.25125172e-07],\n",
      "       [  2.66823691e-01,   1.50000063e-01,   2.62442159e-02,\n",
      "          1.68474909e-01,   1.73145268e-01,   9.48492138e-02,\n",
      "          6.29623209e-02,   1.34749581e-02,   4.40251728e-02,\n",
      "          1.88029549e-07]]), array([[  2.24991185e-01,   1.32186084e-01,   3.97541509e-02,\n",
      "          1.40752718e-01,   1.99618968e-01,   9.56249638e-02,\n",
      "          4.66608949e-02,   3.65335004e-02,   8.38775267e-02,\n",
      "          9.15419747e-09],\n",
      "       [  2.26787429e-02,   6.40664494e-03,   3.64319165e-01,\n",
      "          2.58549105e-02,   7.80728690e-03,   1.19572507e-01,\n",
      "          1.20537421e-02,   4.33418614e-01,   7.83326767e-03,\n",
      "          5.51189543e-05],\n",
      "       [  2.43880564e-01,   1.46459051e-01,   4.34763067e-02,\n",
      "          1.43780718e-01,   1.82550615e-01,   1.14187854e-01,\n",
      "          5.11047114e-02,   2.46874361e-02,   4.98726402e-02,\n",
      "          1.04253664e-07],\n",
      "       [  2.49404149e-01,   1.61573631e-01,   5.27551884e-02,\n",
      "          1.40237438e-01,   1.74217086e-01,   1.05725110e-01,\n",
      "          4.61800178e-02,   3.40737550e-02,   3.58336122e-02,\n",
      "          1.35583657e-08],\n",
      "       [  2.35772259e-01,   1.56248358e-01,   4.11431786e-02,\n",
      "          1.50436495e-01,   2.00785145e-01,   9.76084367e-02,\n",
      "          5.20426291e-02,   2.78950369e-02,   3.80684397e-02,\n",
      "          2.21337335e-08]])]\n",
      "0 1\n",
      "[array([[  3.16774908e-01,   1.17434385e-01,   4.49665506e-05,\n",
      "          1.36735611e-01,   2.58554819e-01,   1.22180588e-01,\n",
      "          4.81398228e-02,   4.49665506e-05,   4.49665506e-05,\n",
      "          4.49665506e-05],\n",
      "       [  4.10389369e-05,   4.10389369e-05,   3.73244219e-01,\n",
      "          6.26450941e-02,   4.10389369e-05,   1.26286786e-01,\n",
      "          4.10389369e-05,   3.79124158e-01,   5.81486703e-02,\n",
      "          3.86917695e-04],\n",
      "       [  3.15269851e-01,   1.94237650e-01,   4.61825374e-02,\n",
      "          6.67351751e-02,   1.61505672e-01,   1.40191825e-01,\n",
      "          6.21679223e-02,   1.34505587e-02,   1.29404539e-04,\n",
      "          1.29404539e-04],\n",
      "       [  2.56171201e-01,   1.45946956e-01,   5.30840393e-02,\n",
      "          1.11224300e-01,   1.98434692e-01,   1.38679424e-01,\n",
      "          6.88303600e-02,   2.64364197e-02,   1.00005548e-03,\n",
      "          1.92551859e-04],\n",
      "       [  2.52122487e-01,   1.83380945e-01,   7.01651485e-05,\n",
      "          1.67468551e-01,   2.19979451e-01,   7.04029470e-02,\n",
      "          5.38540572e-02,   7.01651485e-05,   5.25810656e-02,\n",
      "          7.01651485e-05]]), array([[  2.27700523e-01,   7.84896454e-02,   1.66321795e-02,\n",
      "          1.95116129e-01,   2.25235512e-01,   1.18825628e-01,\n",
      "          3.30344277e-02,   4.76576775e-07,   1.04965002e-01,\n",
      "          4.76576775e-07],\n",
      "       [  1.84431133e-02,   1.08738653e-06,   4.12082770e-01,\n",
      "          4.52144451e-02,   5.10207329e-03,   1.55590963e-01,\n",
      "          1.05954427e-02,   3.34939012e-01,   1.80208422e-02,\n",
      "          1.02519491e-05],\n",
      "       [  2.96845114e-01,   1.34052815e-01,   3.87722549e-02,\n",
      "          1.29279919e-01,   1.59830153e-01,   1.43274273e-01,\n",
      "          6.14748646e-02,   1.62859251e-02,   2.01802383e-02,\n",
      "          4.44259153e-06],\n",
      "       [  2.67632654e-01,   1.25290753e-01,   7.13188308e-02,\n",
      "          1.18791700e-01,   1.98166035e-01,   1.27623739e-01,\n",
      "          5.45608170e-02,   2.87055815e-02,   7.88516983e-03,\n",
      "          2.47203663e-05],\n",
      "       [  2.46221523e-01,   1.16407973e-01,   8.52733113e-03,\n",
      "          1.98216523e-01,   2.02144843e-01,   9.92793439e-02,\n",
      "          4.93221537e-02,   5.04017762e-03,   7.48369527e-02,\n",
      "          3.17812082e-06]]), array([[  2.77318093e-01,   1.34622312e-01,   2.10186612e-02,\n",
      "          1.58208864e-01,   1.56706688e-01,   1.32371355e-01,\n",
      "          3.17876398e-02,   3.14807237e-03,   8.48182759e-02,\n",
      "          3.84950643e-08],\n",
      "       [  2.09952756e-02,   5.74430602e-03,   3.92618295e-01,\n",
      "          3.79457073e-02,   1.17085815e-02,   1.54833372e-01,\n",
      "          9.54708218e-03,   3.59646089e-01,   6.95919927e-03,\n",
      "          2.09174672e-06],\n",
      "       [  3.09608840e-01,   1.92937354e-01,   3.07399698e-02,\n",
      "          1.25340388e-01,   1.28403297e-01,   1.04513339e-01,\n",
      "          6.50942241e-02,   2.22414873e-02,   2.11205381e-02,\n",
      "          5.62779092e-07],\n",
      "       [  3.00890600e-01,   1.58212917e-01,   3.16679560e-02,\n",
      "          1.57651847e-01,   1.47497045e-01,   1.26289465e-01,\n",
      "          4.34491015e-02,   1.94854654e-02,   1.48534687e-02,\n",
      "          2.13413769e-06],\n",
      "       [  2.61184427e-01,   1.54142817e-01,   1.69482283e-02,\n",
      "          1.93523604e-01,   1.18385602e-01,   1.13640844e-01,\n",
      "          4.06604769e-02,   7.08235832e-03,   9.36981814e-02,\n",
      "          7.33462323e-04]]), array([[  3.18603019e-01,   2.76215959e-01,   2.21400241e-02,\n",
      "          7.91516717e-02,   8.47927225e-02,   1.00057428e-01,\n",
      "          9.85440121e-02,   6.89967005e-03,   1.13232451e-02,\n",
      "          2.27224924e-03],\n",
      "       [  2.08233139e-02,   7.80149795e-03,   3.79409060e-01,\n",
      "          6.87567738e-03,   5.34848564e-03,   9.95514719e-02,\n",
      "          9.88963159e-03,   4.68028880e-01,   2.27186044e-03,\n",
      "          1.21754888e-07],\n",
      "       [  2.42296251e-01,   2.86762769e-01,   2.07493570e-02,\n",
      "          9.56925055e-02,   9.59391283e-02,   1.19022332e-01,\n",
      "          9.94977375e-02,   1.91032665e-02,   2.09366088e-02,\n",
      "          4.53144828e-08],\n",
      "       [  2.51080090e-01,   2.81502760e-01,   3.22986673e-02,\n",
      "          8.60528671e-02,   1.08938267e-01,   1.05810744e-01,\n",
      "          1.01891469e-01,   2.95981325e-02,   1.76481850e-03,\n",
      "          1.06218438e-03],\n",
      "       [  2.64863899e-01,   3.07573665e-01,   1.10779685e-02,\n",
      "          6.63828724e-02,   1.12668418e-01,   9.89111814e-02,\n",
      "          1.15967449e-01,   7.95012353e-03,   1.36137432e-02,\n",
      "          9.90679326e-04]]), array([[  2.46418079e-01,   2.24914801e-01,   3.63430198e-02,\n",
      "          7.83785303e-02,   1.22148494e-01,   1.18044448e-01,\n",
      "          1.10286345e-01,   5.40642704e-02,   5.84898558e-03,\n",
      "          3.55302711e-03],\n",
      "       [  1.62860332e-02,   5.83935589e-03,   3.14833142e-01,\n",
      "          1.16650936e-02,   3.01066963e-03,   7.68640257e-02,\n",
      "          1.82733525e-02,   5.36503557e-01,   1.42788673e-04,\n",
      "          1.65819822e-02],\n",
      "       [  2.14804904e-01,   2.50230171e-01,   2.24678377e-02,\n",
      "          6.46966762e-02,   9.75955638e-02,   9.60890813e-02,\n",
      "          1.41051896e-01,   3.20297823e-02,   7.23376930e-03,\n",
      "          7.38003180e-02],\n",
      "       [  2.53933835e-01,   2.82904921e-01,   3.54287278e-02,\n",
      "          7.73984383e-02,   1.14873702e-01,   9.93625688e-02,\n",
      "          1.01857696e-01,   2.85265189e-02,   3.46515085e-03,\n",
      "          2.24844025e-03],\n",
      "       [  2.53635566e-01,   2.15433239e-01,   1.69775905e-02,\n",
      "          7.08004293e-02,   1.11491382e-01,   6.26185034e-02,\n",
      "          1.16887030e-01,   1.53748693e-02,   1.55332443e-02,\n",
      "          1.21248147e-01]]), array([[ 0.26328062,  0.2512643 ,  0.02634909,  0.11343699,  0.12672506,\n",
      "         0.08333802,  0.10339242,  0.01711248,  0.009504  ,  0.00559701],\n",
      "       [ 0.01518841,  0.00183214,  0.35951244,  0.01470989,  0.00358496,\n",
      "         0.10124558,  0.0194857 ,  0.47002534,  0.00369713,  0.01071842],\n",
      "       [ 0.28184599,  0.24314359,  0.027512  ,  0.08537883,  0.10734897,\n",
      "         0.09912858,  0.11268324,  0.02778609,  0.00429596,  0.01087676],\n",
      "       [ 0.24297947,  0.23056826,  0.05648414,  0.0911733 ,  0.11643516,\n",
      "         0.10155227,  0.09659519,  0.05307248,  0.00668807,  0.00445165],\n",
      "       [ 0.25976681,  0.27646472,  0.02948089,  0.08518214,  0.13063157,\n",
      "         0.09021271,  0.08660975,  0.03624848,  0.00405423,  0.00134869]]), array([[ 0.29319425,  0.15102195,  0.03883028,  0.13530575,  0.15380178,\n",
      "         0.10141496,  0.07768909,  0.0195608 ,  0.02851245,  0.00066868],\n",
      "       [ 0.01622112,  0.00353041,  0.35755859,  0.01719912,  0.00233988,\n",
      "         0.10998103,  0.01902772,  0.4647624 ,  0.00375212,  0.00562761],\n",
      "       [ 0.29811492,  0.18197684,  0.03813129,  0.10927649,  0.12690384,\n",
      "         0.1249788 ,  0.08397961,  0.02805851,  0.00697875,  0.00160094],\n",
      "       [ 0.25830232,  0.17731274,  0.04488721,  0.11911245,  0.1248124 ,\n",
      "         0.12601517,  0.09668349,  0.03778581,  0.01013467,  0.00495374],\n",
      "       [ 0.27844975,  0.17932868,  0.03961938,  0.12145613,  0.1489934 ,\n",
      "         0.10783995,  0.0821644 ,  0.02748928,  0.01365772,  0.00100131]]), array([[  2.51262860e-01,   1.27988313e-01,   5.27537521e-02,\n",
      "          1.36781316e-01,   1.43194739e-01,   1.32369756e-01,\n",
      "          7.38577933e-02,   3.38409112e-02,   4.78757621e-02,\n",
      "          7.47969023e-05],\n",
      "       [  1.84562250e-02,   2.69399292e-03,   3.49374012e-01,\n",
      "          2.38023010e-02,   5.98282873e-03,   9.13941879e-02,\n",
      "          1.71421100e-02,   4.79353327e-01,   1.05271001e-02,\n",
      "          1.27391637e-03],\n",
      "       [  2.67809502e-01,   1.51348478e-01,   5.52129964e-02,\n",
      "          1.27882565e-01,   1.32748099e-01,   1.20750525e-01,\n",
      "          7.81193239e-02,   4.64323063e-02,   1.88610201e-02,\n",
      "          8.35184686e-04],\n",
      "       [  2.11673463e-01,   1.34293208e-01,   7.14124663e-02,\n",
      "          1.56429644e-01,   1.59933499e-01,   1.04073999e-01,\n",
      "          5.82419754e-02,   6.58825528e-02,   3.78720544e-02,\n",
      "          1.87139138e-04],\n",
      "       [  2.60623509e-01,   1.45601175e-01,   4.38431665e-02,\n",
      "          1.57932786e-01,   1.46183390e-01,   1.05324066e-01,\n",
      "          7.27978642e-02,   3.59370349e-02,   3.16292963e-02,\n",
      "          1.27711110e-04]]), array([[  2.58141893e-01,   1.95395606e-01,   3.42226448e-02,\n",
      "          1.38569585e-01,   1.79938971e-01,   9.47312606e-02,\n",
      "          5.57462494e-02,   2.15598880e-02,   2.16885777e-02,\n",
      "          5.32497165e-06],\n",
      "       [  1.82648128e-02,   1.04830073e-02,   3.36429613e-01,\n",
      "          1.94958252e-02,   9.21755929e-03,   9.69966496e-02,\n",
      "          1.60225360e-02,   4.80089557e-01,   1.19671049e-02,\n",
      "          1.03333504e-03],\n",
      "       [  2.56391696e-01,   2.28675454e-01,   3.81944443e-02,\n",
      "          1.26595936e-01,   1.48631846e-01,   9.71726150e-02,\n",
      "          4.85387346e-02,   2.07290544e-02,   3.50156684e-02,\n",
      "          5.45517465e-05],\n",
      "       [  2.61064723e-01,   2.07418841e-01,   4.70364400e-02,\n",
      "          1.19037075e-01,   1.68528708e-01,   9.72714146e-02,\n",
      "          5.34659556e-02,   3.41777624e-02,   1.19885577e-02,\n",
      "          1.05232852e-05],\n",
      "       [  2.62874744e-01,   2.00991691e-01,   2.18314231e-02,\n",
      "          1.26394415e-01,   1.84241839e-01,   9.08825656e-02,\n",
      "          6.38488548e-02,   1.66179807e-02,   3.23062675e-02,\n",
      "          1.02185878e-05]]), array([[  2.59495135e-01,   2.00752220e-01,   2.84896736e-02,\n",
      "          1.20749444e-01,   2.03060659e-01,   7.70932475e-02,\n",
      "          5.37786970e-02,   1.66136658e-02,   3.99663712e-02,\n",
      "          8.87062624e-07],\n",
      "       [  2.14990118e-02,   1.07630284e-02,   3.40602238e-01,\n",
      "          2.16529106e-02,   9.82290539e-03,   1.10752085e-01,\n",
      "          1.43473119e-02,   4.59850969e-01,   9.87113603e-03,\n",
      "          8.38404355e-04],\n",
      "       [  2.35156869e-01,   2.16648873e-01,   3.09722393e-02,\n",
      "          1.28444236e-01,   1.80915888e-01,   8.88691680e-02,\n",
      "          5.70906564e-02,   1.37442229e-02,   4.81483402e-02,\n",
      "          9.50746893e-06],\n",
      "       [  2.47659522e-01,   2.22813676e-01,   3.46301057e-02,\n",
      "          1.23853242e-01,   1.92549344e-01,   8.67536491e-02,\n",
      "          4.94305974e-02,   2.71933115e-02,   1.51140928e-02,\n",
      "          2.45839151e-06],\n",
      "       [  2.40551375e-01,   2.06497081e-01,   2.03138791e-02,\n",
      "          1.38422902e-01,   1.93489466e-01,   8.38979753e-02,\n",
      "          5.14071213e-02,   1.39508893e-02,   5.14672889e-02,\n",
      "          2.02174957e-06]]), array([[  2.34541861e-01,   1.65369931e-01,   3.03073859e-02,\n",
      "          1.56400576e-01,   2.01396389e-01,   1.00051345e-01,\n",
      "          5.08829596e-02,   1.98799579e-02,   4.11694738e-02,\n",
      "          1.21147835e-07],\n",
      "       [  2.29541140e-02,   5.75932622e-03,   3.75728216e-01,\n",
      "          2.42037251e-02,   9.69872558e-03,   1.28759527e-01,\n",
      "          1.28536616e-02,   4.12657458e-01,   7.25486852e-03,\n",
      "          1.30378096e-04],\n",
      "       [  2.68380764e-01,   1.46499359e-01,   4.17292631e-02,\n",
      "          1.40051182e-01,   1.73219237e-01,   1.11025797e-01,\n",
      "          6.97709031e-02,   1.91373564e-02,   3.01854432e-02,\n",
      "          6.95041018e-07],\n",
      "       [  2.73377555e-01,   1.46616261e-01,   5.71767064e-02,\n",
      "          1.25281181e-01,   1.47792271e-01,   1.07094642e-01,\n",
      "          7.96610417e-02,   3.72402657e-02,   2.57599515e-02,\n",
      "          1.25125172e-07],\n",
      "       [  2.66823691e-01,   1.50000063e-01,   2.62442159e-02,\n",
      "          1.68474909e-01,   1.73145268e-01,   9.48492138e-02,\n",
      "          6.29623209e-02,   1.34749581e-02,   4.40251728e-02,\n",
      "          1.88029549e-07]]), array([[  2.24991185e-01,   1.32186084e-01,   3.97541509e-02,\n",
      "          1.40752718e-01,   1.99618968e-01,   9.56249638e-02,\n",
      "          4.66608949e-02,   3.65335004e-02,   8.38775267e-02,\n",
      "          9.15419747e-09],\n",
      "       [  2.26787429e-02,   6.40664494e-03,   3.64319165e-01,\n",
      "          2.58549105e-02,   7.80728690e-03,   1.19572507e-01,\n",
      "          1.20537421e-02,   4.33418614e-01,   7.83326767e-03,\n",
      "          5.51189543e-05],\n",
      "       [  2.43880564e-01,   1.46459051e-01,   4.34763067e-02,\n",
      "          1.43780718e-01,   1.82550615e-01,   1.14187854e-01,\n",
      "          5.11047114e-02,   2.46874361e-02,   4.98726402e-02,\n",
      "          1.04253664e-07],\n",
      "       [  2.49404149e-01,   1.61573631e-01,   5.27551884e-02,\n",
      "          1.40237438e-01,   1.74217086e-01,   1.05725110e-01,\n",
      "          4.61800178e-02,   3.40737550e-02,   3.58336122e-02,\n",
      "          1.35583657e-08],\n",
      "       [  2.35772259e-01,   1.56248358e-01,   4.11431786e-02,\n",
      "          1.50436495e-01,   2.00785145e-01,   9.76084367e-02,\n",
      "          5.20426291e-02,   2.78950369e-02,   3.80684397e-02,\n",
      "          2.21337335e-08]])]\n",
      "0 2\n",
      "[array([[  3.16774908e-01,   1.17434385e-01,   4.49665506e-05,\n",
      "          1.36735611e-01,   2.58554819e-01,   1.22180588e-01,\n",
      "          4.81398228e-02,   4.49665506e-05,   4.49665506e-05,\n",
      "          4.49665506e-05],\n",
      "       [  4.10389369e-05,   4.10389369e-05,   3.73244219e-01,\n",
      "          6.26450941e-02,   4.10389369e-05,   1.26286786e-01,\n",
      "          4.10389369e-05,   3.79124158e-01,   5.81486703e-02,\n",
      "          3.86917695e-04],\n",
      "       [  3.15269851e-01,   1.94237650e-01,   4.61825374e-02,\n",
      "          6.67351751e-02,   1.61505672e-01,   1.40191825e-01,\n",
      "          6.21679223e-02,   1.34505587e-02,   1.29404539e-04,\n",
      "          1.29404539e-04],\n",
      "       [  2.56171201e-01,   1.45946956e-01,   5.30840393e-02,\n",
      "          1.11224300e-01,   1.98434692e-01,   1.38679424e-01,\n",
      "          6.88303600e-02,   2.64364197e-02,   1.00005548e-03,\n",
      "          1.92551859e-04],\n",
      "       [  2.52122487e-01,   1.83380945e-01,   7.01651485e-05,\n",
      "          1.67468551e-01,   2.19979451e-01,   7.04029470e-02,\n",
      "          5.38540572e-02,   7.01651485e-05,   5.25810656e-02,\n",
      "          7.01651485e-05]]), array([[  2.27700523e-01,   7.84896454e-02,   1.66321795e-02,\n",
      "          1.95116129e-01,   2.25235512e-01,   1.18825628e-01,\n",
      "          3.30344277e-02,   4.76576775e-07,   1.04965002e-01,\n",
      "          4.76576775e-07],\n",
      "       [  1.84431133e-02,   1.08738653e-06,   4.12082770e-01,\n",
      "          4.52144451e-02,   5.10207329e-03,   1.55590963e-01,\n",
      "          1.05954427e-02,   3.34939012e-01,   1.80208422e-02,\n",
      "          1.02519491e-05],\n",
      "       [  2.96845114e-01,   1.34052815e-01,   3.87722549e-02,\n",
      "          1.29279919e-01,   1.59830153e-01,   1.43274273e-01,\n",
      "          6.14748646e-02,   1.62859251e-02,   2.01802383e-02,\n",
      "          4.44259153e-06],\n",
      "       [  2.67632654e-01,   1.25290753e-01,   7.13188308e-02,\n",
      "          1.18791700e-01,   1.98166035e-01,   1.27623739e-01,\n",
      "          5.45608170e-02,   2.87055815e-02,   7.88516983e-03,\n",
      "          2.47203663e-05],\n",
      "       [  2.46221523e-01,   1.16407973e-01,   8.52733113e-03,\n",
      "          1.98216523e-01,   2.02144843e-01,   9.92793439e-02,\n",
      "          4.93221537e-02,   5.04017762e-03,   7.48369527e-02,\n",
      "          3.17812082e-06]]), array([[  2.77318093e-01,   1.34622312e-01,   2.10186612e-02,\n",
      "          1.58208864e-01,   1.56706688e-01,   1.32371355e-01,\n",
      "          3.17876398e-02,   3.14807237e-03,   8.48182759e-02,\n",
      "          3.84950643e-08],\n",
      "       [  2.09952756e-02,   5.74430602e-03,   3.92618295e-01,\n",
      "          3.79457073e-02,   1.17085815e-02,   1.54833372e-01,\n",
      "          9.54708218e-03,   3.59646089e-01,   6.95919927e-03,\n",
      "          2.09174672e-06],\n",
      "       [  3.09608840e-01,   1.92937354e-01,   3.07399698e-02,\n",
      "          1.25340388e-01,   1.28403297e-01,   1.04513339e-01,\n",
      "          6.50942241e-02,   2.22414873e-02,   2.11205381e-02,\n",
      "          5.62779092e-07],\n",
      "       [  3.00890600e-01,   1.58212917e-01,   3.16679560e-02,\n",
      "          1.57651847e-01,   1.47497045e-01,   1.26289465e-01,\n",
      "          4.34491015e-02,   1.94854654e-02,   1.48534687e-02,\n",
      "          2.13413769e-06],\n",
      "       [  2.61184427e-01,   1.54142817e-01,   1.69482283e-02,\n",
      "          1.93523604e-01,   1.18385602e-01,   1.13640844e-01,\n",
      "          4.06604769e-02,   7.08235832e-03,   9.36981814e-02,\n",
      "          7.33462323e-04]]), array([[  3.18603019e-01,   2.76215959e-01,   2.21400241e-02,\n",
      "          7.91516717e-02,   8.47927225e-02,   1.00057428e-01,\n",
      "          9.85440121e-02,   6.89967005e-03,   1.13232451e-02,\n",
      "          2.27224924e-03],\n",
      "       [  2.08233139e-02,   7.80149795e-03,   3.79409060e-01,\n",
      "          6.87567738e-03,   5.34848564e-03,   9.95514719e-02,\n",
      "          9.88963159e-03,   4.68028880e-01,   2.27186044e-03,\n",
      "          1.21754888e-07],\n",
      "       [  2.42296251e-01,   2.86762769e-01,   2.07493570e-02,\n",
      "          9.56925055e-02,   9.59391283e-02,   1.19022332e-01,\n",
      "          9.94977375e-02,   1.91032665e-02,   2.09366088e-02,\n",
      "          4.53144828e-08],\n",
      "       [  2.51080090e-01,   2.81502760e-01,   3.22986673e-02,\n",
      "          8.60528671e-02,   1.08938267e-01,   1.05810744e-01,\n",
      "          1.01891469e-01,   2.95981325e-02,   1.76481850e-03,\n",
      "          1.06218438e-03],\n",
      "       [  2.64863899e-01,   3.07573665e-01,   1.10779685e-02,\n",
      "          6.63828724e-02,   1.12668418e-01,   9.89111814e-02,\n",
      "          1.15967449e-01,   7.95012353e-03,   1.36137432e-02,\n",
      "          9.90679326e-04]]), array([[  2.46418079e-01,   2.24914801e-01,   3.63430198e-02,\n",
      "          7.83785303e-02,   1.22148494e-01,   1.18044448e-01,\n",
      "          1.10286345e-01,   5.40642704e-02,   5.84898558e-03,\n",
      "          3.55302711e-03],\n",
      "       [  1.62860332e-02,   5.83935589e-03,   3.14833142e-01,\n",
      "          1.16650936e-02,   3.01066963e-03,   7.68640257e-02,\n",
      "          1.82733525e-02,   5.36503557e-01,   1.42788673e-04,\n",
      "          1.65819822e-02],\n",
      "       [  2.14804904e-01,   2.50230171e-01,   2.24678377e-02,\n",
      "          6.46966762e-02,   9.75955638e-02,   9.60890813e-02,\n",
      "          1.41051896e-01,   3.20297823e-02,   7.23376930e-03,\n",
      "          7.38003180e-02],\n",
      "       [  2.53933835e-01,   2.82904921e-01,   3.54287278e-02,\n",
      "          7.73984383e-02,   1.14873702e-01,   9.93625688e-02,\n",
      "          1.01857696e-01,   2.85265189e-02,   3.46515085e-03,\n",
      "          2.24844025e-03],\n",
      "       [  2.53635566e-01,   2.15433239e-01,   1.69775905e-02,\n",
      "          7.08004293e-02,   1.11491382e-01,   6.26185034e-02,\n",
      "          1.16887030e-01,   1.53748693e-02,   1.55332443e-02,\n",
      "          1.21248147e-01]]), array([[ 0.26328062,  0.2512643 ,  0.02634909,  0.11343699,  0.12672506,\n",
      "         0.08333802,  0.10339242,  0.01711248,  0.009504  ,  0.00559701],\n",
      "       [ 0.01518841,  0.00183214,  0.35951244,  0.01470989,  0.00358496,\n",
      "         0.10124558,  0.0194857 ,  0.47002534,  0.00369713,  0.01071842],\n",
      "       [ 0.28184599,  0.24314359,  0.027512  ,  0.08537883,  0.10734897,\n",
      "         0.09912858,  0.11268324,  0.02778609,  0.00429596,  0.01087676],\n",
      "       [ 0.24297947,  0.23056826,  0.05648414,  0.0911733 ,  0.11643516,\n",
      "         0.10155227,  0.09659519,  0.05307248,  0.00668807,  0.00445165],\n",
      "       [ 0.25976681,  0.27646472,  0.02948089,  0.08518214,  0.13063157,\n",
      "         0.09021271,  0.08660975,  0.03624848,  0.00405423,  0.00134869]]), array([[ 0.29319425,  0.15102195,  0.03883028,  0.13530575,  0.15380178,\n",
      "         0.10141496,  0.07768909,  0.0195608 ,  0.02851245,  0.00066868],\n",
      "       [ 0.01622112,  0.00353041,  0.35755859,  0.01719912,  0.00233988,\n",
      "         0.10998103,  0.01902772,  0.4647624 ,  0.00375212,  0.00562761],\n",
      "       [ 0.29811492,  0.18197684,  0.03813129,  0.10927649,  0.12690384,\n",
      "         0.1249788 ,  0.08397961,  0.02805851,  0.00697875,  0.00160094],\n",
      "       [ 0.25830232,  0.17731274,  0.04488721,  0.11911245,  0.1248124 ,\n",
      "         0.12601517,  0.09668349,  0.03778581,  0.01013467,  0.00495374],\n",
      "       [ 0.27844975,  0.17932868,  0.03961938,  0.12145613,  0.1489934 ,\n",
      "         0.10783995,  0.0821644 ,  0.02748928,  0.01365772,  0.00100131]]), array([[  2.51262860e-01,   1.27988313e-01,   5.27537521e-02,\n",
      "          1.36781316e-01,   1.43194739e-01,   1.32369756e-01,\n",
      "          7.38577933e-02,   3.38409112e-02,   4.78757621e-02,\n",
      "          7.47969023e-05],\n",
      "       [  1.84562250e-02,   2.69399292e-03,   3.49374012e-01,\n",
      "          2.38023010e-02,   5.98282873e-03,   9.13941879e-02,\n",
      "          1.71421100e-02,   4.79353327e-01,   1.05271001e-02,\n",
      "          1.27391637e-03],\n",
      "       [  2.67809502e-01,   1.51348478e-01,   5.52129964e-02,\n",
      "          1.27882565e-01,   1.32748099e-01,   1.20750525e-01,\n",
      "          7.81193239e-02,   4.64323063e-02,   1.88610201e-02,\n",
      "          8.35184686e-04],\n",
      "       [  2.11673463e-01,   1.34293208e-01,   7.14124663e-02,\n",
      "          1.56429644e-01,   1.59933499e-01,   1.04073999e-01,\n",
      "          5.82419754e-02,   6.58825528e-02,   3.78720544e-02,\n",
      "          1.87139138e-04],\n",
      "       [  2.60623509e-01,   1.45601175e-01,   4.38431665e-02,\n",
      "          1.57932786e-01,   1.46183390e-01,   1.05324066e-01,\n",
