0.9272727272727275,0.018181818181818094,0.018181818181818094,0.018181818181818094,0.018181818181818094
0.00015026296018031494,0.9993989481592788,0.00015026296018031494,0.00015026296018031494,0.00015026296018031494
0.018181818181818143,0.018181818181818143,0.018181818181818143,0.9272727272727274,0.018181818181818143
0.0011442987541024044,0.9954228049835904,0.0011442987541024044,0.0011442987541024044,0.0011442987541024044
0.2197717315505043,0.16700848852516542,0.2264395598486607,0.2197717315505043,0.16700848852516542
1.1057198361654176e-09,0.9982561654469057,1.1057198361654176e-09,0.0017438312359346275,1.1057198361654176e-09
0.20000000000000004,0.20000000000000004,0.20000000000000004,0.20000000000000004,0.20000000000000004
0.9967206207779781,0.0008198448055055078,0.0008198448055055078,0.0008198448055055078,0.0008198448055055078
3.512160189743219e-05,3.512160189743219e-05,3.512160189743219e-05,3.512160189743219e-05,0.9998595135924102
0.0005252082868804174,0.0005252082868804174,0.0005252082868804174,0.0005252082868804174,0.9978991668524783
0.29858101057780684,0.13427932628146214,0.13427932628146214,0.13427932628146214,0.29858101057780684
0.018181818181818094,0.018181818181818094,0.018181818181818094,0.9272727272727275,0.018181818181818094
0.0022829745342925695,0.9908681018628299,0.0022829745342925695,0.0022829745342925695,0.0022829745342925695
0.9999925880184969,1.8529953757759243e-06,1.8529953757759243e-06,1.8529953757759243e-06,1.8529953757759243e-06
0.018181818181818143,0.018181818181818143,0.018181818181818143,0.018181818181818143,0.9272727272727274
0.20000000000000004,0.20000000000000004,0.20000000000000004,0.20000000000000004,0.20000000000000004
0.20000000000000004,0.20000000000000004,0.20000000000000004,0.20000000000000004,0.20000000000000004
0.0007504787747357616,0.0007504787747357616,0.0007504787747357616,0.0007504787747357616,0.9969980849010569
0.0016528925619834554,0.9933884297520663,0.0016528925619834554,0.0016528925619834554,0.0016528925619834554
0.0016528925619834663,0.0016528925619834663,0.0016528925619834663,0.9933884297520663,0.0016528925619834663
8.508683966914241e-05,8.508683966914241e-05,8.508683966914241e-05,8.508683966914241e-05,0.9996596526413234
0.01888324631432016,0.00037025973165333563,0.00037025973165333563,0.00037025973165333563,0.9800059744907196
1.3019704229758689e-05,1.3019704229758689e-05,1.3019704229758689e-05,1.3019704229758689e-05,0.9999479211830807
0.0013427628911749435,0.0013427628911749435,0.0013427628911749435,0.9946289484353003,0.0013427628911749435
0.0010460092931261294,0.0010460092931261294,0.664225978316039,0.3326359938045826,0.0010460092931261294
0.00022926349155963984,0.9990829460337614,0.00022926349155963984,0.00022926349155963984,0.00022926349155963984
0.00035163857543913074,0.00035163857543913074,0.9985934456982434,0.00035163857543913074,0.00035163857543913074
1.5520753862323153e-05,1.5520753862323153e-05,1.5520753862323153e-05,1.5520753862323153e-05,0.9999379169845507
0.20000000000000004,0.20000000000000004,0.20000000000000004,0.20000000000000004,0.20000000000000004
0.9933884297520661,0.0016528925619834658,0.0016528925619834658,0.0016528925619834658,0.0016528925619834658
0.0034855206057712385,0.0034855206057712385,0.4947717190913432,0.4947717190913432,0.0034855206057712385
0.0005101644651035126,0.0005101644651035126,0.0005101644651035126,0.997959342139586,0.0005101644651035126
0.0025265331447653864,0.9898938674209385,0.0025265331447653864,0.0025265331447653864,0.0025265331447653864
0.20000000000000004,0.20000000000000004,0.20000000000000004,0.20000000000000004,0.20000000000000004
1.0135388488215249e-05,0.9999594584460471,1.0135388488215249e-05,1.0135388488215249e-05,1.0135388488215249e-05
0.9967206207779781,0.0008198448055055079,0.0008198448055055079,0.0008198448055055079,0.0008198448055055079
0.9994803267971747,0.00012991830070633326,0.00012991830070633326,0.00012991830070633326,0.00012991830070633326
0.9999032964933771,2.417587665570977e-05,2.417587665570977e-05,2.417587665570977e-05,2.417587665570977e-05
0.00020245605408651538,0.00020245605408651538,0.00020245605408651538,0.9991901757836539,0.00020245605408651538
0.17635161195589616,0.13312552391063584,0.13312552391063584,0.17635161195589616,0.381045728266936
0.0020310163495994714,0.0020310163495994714,0.0020310163495994714,0.9918759346016022,0.0020310163495994714
0.9999986124373474,3.468906631525048e-07,3.468906631525048e-07,3.468906631525048e-07,3.468906631525048e-07
9.295580982257336e-05,9.295580982257336e-05,9.295580982257336e-05,9.295580982257336e-05,0.9996281767607097
0.0009688859531909232,0.0009688859531909232,0.0009688859531909232,0.9961244561872364,0.0009688859531909232
8.421309047612601e-06,8.421309047612601e-06,0.04162711690337898,8.421309047612601e-06,0.9583476191694783
0.0011442987541024029,0.9954228049835904,0.0011442987541024029,0.0011442987541024029,0.0011442987541024029
0.9272727272727274,0.018181818181818143,0.018181818181818143,0.018181818181818143,0.018181818181818143
2.0474573567788995e-05,0.9996605483454294,2.0474573567788995e-05,0.0002780279338673859,2.0474573567788995e-05
1.424730619828509e-05,1.424730619828509e-05,1.424730619828509e-05,1.424730619828509e-05,0.9999430107752068
0.997575685632047,0.002419766217455975,1.516050165649765e-06,1.516050165649765e-06,1.516050165649765e-06
0.924471802472293,0.0013986703245871658,0.07133218655394562,0.0013986703245871658,0.0013986703245871658
1.1068555784692746e-07,1.1068555784692746e-07,1.1068555784692746e-07,0.9999995572577686,1.1068555784692746e-07
0.0002339169191344074,0.0002339169191344074,0.0002339169191344074,0.0002339169191344074,0.9990643323234625
0.23569348389190778,0.128643618441942,0.128643618441942,0.128643618441942,0.3783756607822665
0.003524797817356672,0.003524797817356672,0.003524797817356672,0.9859008087305733,0.003524797817356672
0.20000000000000004,0.20000000000000004,0.20000000000000004,0.20000000000000004,0.20000000000000004
8.897413252670271e-05,0.9996441034698932,8.897413252670271e-05,8.897413252670271e-05,8.897413252670271e-05
0.001028742048319727,0.001028742048319727,0.9958850318067212,0.001028742048319727,0.001028742048319727
0.9933884297520663,0.0016528925619834663,0.0016528925619834663,0.0016528925619834663,0.0016528925619834663
0.9700656541537728,0.0005543397378930942,0.02827132663254787,0.0005543397378930942,0.0005543397378930942
1.5234575899701552e-05,1.5234575899701552e-05,0.9999390616964012,1.5234575899701552e-05,1.5234575899701552e-05
4.5255135664618285e-05,4.5255135664618285e-05,0.9818325125580991,0.01803172203490692,4.5255135664618285e-05
0.001969064983005699,0.001969064983005699,0.001969064983005699,0.001969064983005699,0.9921237400679772
0.08279489105935385,0.00015026296018031508,0.00015026296018031508,0.00015026296018031508,0.9167543200601053
0.0011442987541024029,0.0011442987541024029,0.0011442987541024029,0.9954228049835904,0.0011442987541024029
0.20000000000000004,0.20000000000000004,0.20000000000000004,0.20000000000000004,0.20000000000000004
0.0004802998444112402,0.0004802998444112402,0.0004802998444112402,0.9980788006223551,0.0004802998444112402
1.7364194491656732e-08,1.7364194491656732e-08,1.7364194491656732e-08,0.9986803475456809,0.0013196003617355696
0.20000000000000004,0.20000000000000004,0.20000000000000004,0.20000000000000004,0.20000000000000004
2.272590362509333e-05,2.272590362509333e-05,2.272590362509333e-05,0.9999090963854997,2.272590362509333e-05
0.0016528925619834663,0.0016528925619834663,0.0016528925619834663,0.0016528925619834663,0.9933884297520663
0.0017706599497517397,0.0017706599497517397,0.0017706599497517397,0.0017706599497517397,0.992917360200993
0.018181818181818094,0.018181818181818094,0.018181818181818094,0.018181818181818094,0.9272727272727275
0.9272727272727276,0.018181818181818094,0.018181818181818094,0.018181818181818094,0.018181818181818094
2.6326346217346585e-06,0.999989469461513,2.6326346217346585e-06,2.6326346217346585e-06,2.6326346217346585e-06
0.0052767775062670386,0.0052767775062670386,0.0052767775062670386,0.9788928899749317,0.0052767775062670386
0.000325999318981487,0.9986960027240741,0.000325999318981487,0.000325999318981487,0.000325999318981487
0.002333996495835029,0.002333996495835029,0.9906640140166599,0.002333996495835029,0.002333996495835029
2.0627848310690913e-06,2.0627848310690913e-06,2.0627848310690913e-06,0.9999917488606757,2.0627848310690913e-06
0.20000000000000004,0.20000000000000004,0.20000000000000004,0.20000000000000004,0.20000000000000004
0.00023843297707890876,0.00023843297707890876,0.00023843297707890876,0.00023843297707890876,0.9990462680916844
0.22895660730541262,0.22895660730541262,0.18069559512972497,0.18069559512972497,0.18069559512972497
0.20000000000000004,0.20000000000000004,0.20000000000000004,0.20000000000000004,0.20000000000000004
5.6750341256459055e-05,5.6750341256459055e-05,5.6750341256459055e-05,0.9997729986349742,5.6750341256459055e-05
0.00022365029492003622,0.00022365029492003622,0.9991053988203198,0.00022365029492003622,0.00022365029492003622
2.3045811776378494e-06,2.3045811776378494e-06,2.3045811776378494e-06,2.3045811776378494e-06,0.9999907816752894
0.9999709259425514,7.268514362105873e-06,7.268514362105873e-06,7.268514362105873e-06,7.268514362105873e-06
7.296451674469227e-07,7.296451674469227e-07,7.296451674469227e-07,0.9999970814193303,7.296451674469227e-07
0.20000000000000004,0.1550395292781966,0.24496047072180352,0.1550395292781966,0.24496047072180352
0.14153261512602167,0.2877010773109676,0.2877010773109676,0.14153261512602167,0.14153261512602167
1.7269709534215948e-05,1.7269709534215948e-05,0.999930921161863,1.7269709534215948e-05,1.7269709534215948e-05
2.8532166630176817e-05,0.9998858713334794,2.8532166630176817e-05,2.8532166630176817e-05,2.8532166630176817e-05
0.018181818181818094,0.018181818181818094,0.018181818181818094,0.018181818181818094,0.9272727272727275
2.8510609451355505e-05,2.8510609451355505e-05,2.8510609451355505e-05,2.8510609451355505e-05,0.9998859575621947
0.0005549868090693682,0.0005549868090693682,0.9977800527637226,0.0005549868090693682,0.0005549868090693682
0.0016528925619834663,0.0016528925619834663,0.0016528925619834663,0.0016528925619834663,0.9933884297520663
0.0016528925619834663,0.0016528925619834663,0.9933884297520663,0.0016528925619834663,0.0016528925619834663
1.758504472937106e-08,0.9999999296598212,1.758504472937106e-08,1.758504472937106e-08,1.758504472937106e-08
7.377484811157542e-05,7.377484811157542e-05,0.0037625172536903556,0.9960161582019749,7.377484811157542e-05
9.272326305267903e-06,9.272326305267903e-06,9.272326305267903e-06,0.9999629106947792,9.272326305267903e-06
0.0027896493199214482,0.0027896493199214482,0.9888414027203142,0.0027896493199214482,0.0027896493199214482
0.00035219021394524997,0.00035219021394524997,0.00035219021394524997,0.00035219021394524997,0.9985912391442191
0.0009602991217080963,0.9961588035131675,0.0009602991217080963,0.0009602991217080963,0.0009602991217080963
5.012361118755605e-08,5.012361118755605e-08,5.012361118755605e-08,5.012361118755605e-08,0.9999997995055554
2.1348681233739343e-06,2.1348681233739343e-06,2.1348681233739343e-06,0.9999914605275066,2.1348681233739343e-06
0.9272727272727274,0.018181818181818143,0.018181818181818143,0.018181818181818143,0.018181818181818143
0.2311445312572625,0.3090058594004188,0.15328320311410623,0.15328320311410623,0.15328320311410623
0.0011442987541024029,0.0011442987541024029,0.0011442987541024029,0.9954228049835904,0.0011442987541024029
0.20000000000000004,0.20000000000000004,0.20000000000000004,0.20000000000000004,0.20000000000000004
0.9999874751494507,3.131212637288311e-06,3.131212637288311e-06,3.131212637288311e-06,3.131212637288311e-06
0.20000000000000004,0.20000000000000004,0.20000000000000004,0.20000000000000004,0.20000000000000004
4.355063489376507e-05,4.355063489376507e-05,0.9998257974604248,4.355063489376507e-05,4.355063489376507e-05
0.9999745204236404,6.36989408990846e-06,6.36989408990846e-06,6.36989408990846e-06,6.36989408990846e-06
2.0760951923808758e-05,2.0760951923808758e-05,2.0760951923808758e-05,2.0760951923808758e-05,0.9999169561923047
0.9272727272727276,0.018181818181818094,0.018181818181818094,0.018181818181818094,0.018181818181818094
0.018181818181818143,0.9272727272727274,0.018181818181818143,0.018181818181818143,0.018181818181818143
8.437956563001919e-07,0.9999966248173747,8.437956563001919e-07,8.437956563001919e-07,8.437956563001919e-07
0.018181818181818143,0.9272727272727274,0.018181818181818143,0.018181818181818143,0.018181818181818143
0.018181818181818143,0.018181818181818143,0.018181818181818143,0.9272727272727274,0.018181818181818143
8.482559281761997e-06,8.482559281761997e-06,8.482559281761997e-06,8.482559281761997e-06,0.9999660697628729
1.616348736638046e-05,1.616348736638046e-05,1.616348736638046e-05,1.616348736638046e-05,0.9999353460505346
0.9272727272727276,0.018181818181818094,0.018181818181818094,0.018181818181818094,0.018181818181818094
4.5121807763246177e-07,4.5121807763246177e-07,4.5121807763246177e-07,0.9988137479884731,0.0011848983572940509
0.018181818181818143,0.018181818181818143,0.9272727272727274,0.018181818181818143,0.018181818181818143
0.9933884297520663,0.0016528925619834663,0.0016528925619834663,0.0016528925619834663,0.0016528925619834663
0.0007015390513755045,0.9971938437944979,0.0007015390513755045,0.0007015390513755045,0.0007015390513755045
1.3019704229758689e-05,0.9999479211830807,1.3019704229758689e-05,1.3019704229758689e-05,1.3019704229758689e-05
0.48884478495295475,0.0023303575501823384,0.07335970436808868,0.43313479557859197,0.0023303575501823384
2.7030686437822687e-06,2.7030686437822687e-06,2.7030686437822687e-06,0.999989187725425,2.7030686437822687e-06
0.9978991668524783,0.0005252082868804174,0.0005252082868804174,0.0005252082868804174,0.0005252082868804174
0.0016528925619834658,0.0016528925619834658,0.0016528925619834658,0.9933884297520661,0.0016528925619834658
0.0016528925619834663,0.0016528925619834663,0.0016528925619834663,0.9933884297520663,0.0016528925619834663
0.0011442987541024029,0.0011442987541024029,0.0011442987541024029,0.9954228049835904,0.0011442987541024029
0.0022543047948770578,0.0022543047948770578,0.0022543047948770578,0.0022543047948770578,0.9909827808204918
0.003586428760003945,0.985654284959984,0.003586428760003945,0.003586428760003945,0.003586428760003945
0.9999934784610365,1.630384740909577e-06,1.630384740909577e-06,1.630384740909577e-06,1.630384740909577e-06
0.9272727272727276,0.018181818181818094,0.018181818181818094,0.018181818181818094,0.018181818181818094
0.0016528925619834554,0.0016528925619834554,0.0016528925619834554,0.9933884297520663,0.0016528925619834554
0.002559566901467889,0.002559566901467889,0.002559566901467889,0.9897617323941283,0.002559566901467889
6.946823693329728e-08,6.946823693329728e-08,6.946823693329728e-08,0.9999997221270522,6.946823693329728e-08
0.11597639914104674,0.2096555864453186,0.30333477374959045,0.25505684152299735,0.11597639914104674
1.4465350414993974e-05,1.4465350414993974e-05,1.4465350414993974e-05,0.99994213859834,1.4465350414993974e-05
1.9960005077017676e-05,1.9960005077017676e-05,1.9960005077017676e-05,0.9999201599796921,1.9960005077017676e-05
0.018181818181818094,0.018181818181818094,0.018181818181818094,0.9272727272727275,0.018181818181818094
1.3980014380357156e-07,0.9999994407994247,1.3980014380357156e-07,1.3980014380357156e-07,1.3980014380357156e-07
0.20000000000000004,0.20000000000000004,0.20000000000000004,0.20000000000000004,0.20000000000000004
0.0007250723045533415,0.0007250723045533415,0.0007250723045533415,0.9970997107817866,0.0007250723045533415
0.00011363353752243219,0.00011363353752243219,0.00011363353752243219,0.9995454658499103,0.00011363353752243219
0.0009502824826681991,0.0009502824826681991,0.0009502824826681991,0.0009502824826681991,0.9961988700693271
0.0012808293402415249,0.994876682639034,0.0012808293402415249,0.0012808293402415249,0.0012808293402415249
4.551817213852072e-05,0.9998179273114459,4.551817213852072e-05,4.551817213852072e-05,4.551817213852072e-05
0.0005929437585375395,0.9976282249658497,0.0005929437585375395,0.0005929437585375395,0.0005929437585375395
0.0015161960862451608,0.0015161960862451608,0.0015161960862451608,0.0015161960862451608,0.9939352156550193
0.0011442987541024029,0.9954228049835904,0.0011442987541024029,0.0011442987541024029,0.0011442987541024029
0.018181818181818094,0.9272727272727275,0.018181818181818094,0.018181818181818094,0.018181818181818094
6.952169600135931e-06,6.952169600135931e-06,0.9999721913215993,6.952169600135931e-06,6.952169600135931e-06
2.2314162403718627e-05,0.9999107433503852,2.2314162403718627e-05,2.2314162403718627e-05,2.2314162403718627e-05
0.0003004018495758553,0.9987983926016966,0.0003004018495758553,0.0003004018495758553,0.0003004018495758553
0.0016528925619834554,0.0016528925619834554,0.9933884297520663,0.0016528925619834554,0.0016528925619834554
6.564150347099591e-07,6.564150347099591e-07,6.564150347099591e-07,6.564150347099591e-07,0.999997374339861
1.918396851988509e-05,1.918396851988509e-05,1.918396851988509e-05,1.918396851988509e-05,0.9999232641259206
0.00019217750920090556,0.00019217750920090556,0.9992312899631964,0.00019217750920090556,0.00019217750920090556
0.0016528925619834663,0.0016528925619834663,0.9933884297520663,0.0016528925619834663,0.0016528925619834663
0.018181818181818094,0.018181818181818094,0.9272727272727275,0.018181818181818094,0.018181818181818094
0.00018929983499335945,3.7117614704580203e-06,0.9997995648805954,3.7117614704580203e-06,3.7117614704580203e-06
0.0005989392527211421,0.9976042429891155,0.0005989392527211421,0.0005989392527211421,0.0005989392527211421
0.018181818181818094,0.9272727272727275,0.018181818181818094,0.018181818181818094,0.018181818181818094
7.414113718150566e-08,7.414113718150566e-08,7.414113718150566e-08,0.9999997034354513,7.414113718150566e-08
0.9999000419062734,1.8510758097534915e-06,1.8510758097534915e-06,9.440486629742828e-05,1.8510758097534915e-06
0.018181818181818143,0.018181818181818143,0.018181818181818143,0.018181818181818143,0.9272727272727274
0.9992446268970698,0.0001888432757325426,0.0001888432757325426,0.0001888432757325426,0.0001888432757325426
0.018181818181818094,0.018181818181818094,0.018181818181818094,0.018181818181818094,0.9272727272727275
2.9998956800296083e-05,6.438424747976804e-06,0.9999271252369034,2.9998956800296083e-05,6.438424747976804e-06
0.0002450875861060199,0.0002450875861060199,0.0002450875861060199,0.0002450875861060199,0.9990196496555758
9.399796010978025e-05,9.399796010978025e-05,9.399796010978025e-05,9.399796010978025e-05,0.9996240081595609
0.0016528925619834658,0.0016528925619834658,0.0016528925619834658,0.9933884297520661,0.0016528925619834658
0.0007464839231147258,0.0007464839231147258,0.0007464839231147258,0.0007464839231147258,0.9970140643075411
0.00025334005940235387,0.00025334005940235387,0.9989866397623907,0.00025334005940235387,0.00025334005940235387
0.0016528925619834663,0.0016528925619834663,0.0016528925619834663,0.9933884297520663,0.0016528925619834663
0.20000000000000004,0.20000000000000004,0.20000000000000004,0.20000000000000004,0.20000000000000004
0.20000000000000004,0.20000000000000004,0.20000000000000004,0.20000000000000004,0.20000000000000004
0.9993989481592788,0.00015026296018031473,0.00015026296018031473,0.00015026296018031473,0.00015026296018031473
9.300414927571296e-05,9.300414927571296e-05,9.300414927571296e-05,9.300414927571296e-05,0.999627983402897
0.20000000000000004,0.20000000000000004,0.20000000000000004,0.20000000000000004,0.20000000000000004
0.000113898784719352,0.9995444048611226,0.000113898784719352,0.000113898784719352,0.000113898784719352
0.20000000000000004,0.20000000000000004,0.20000000000000004,0.20000000000000004,0.20000000000000004
0.00043488737354061544,0.9982604505058377,0.00043488737354061544,0.00043488737354061544,0.00043488737354061544
0.00175397508910053,0.00175397508910053,0.9929840996435978,0.00175397508910053,0.00175397508910053
3.580407902717371e-05,3.580407902717371e-05,3.580407902717371e-05,3.580407902717371e-05,0.9998567836838911
0.20000000000000004,0.20000000000000004,0.20000000000000004,0.20000000000000004,0.20000000000000004
0.9997770013760569,6.555310307388791e-05,6.555310307388791e-05,4.594620889757108e-05,4.594620889757108e-05
0.0016528925619834663,0.9933884297520663,0.0016528925619834663,0.0016528925619834663,0.0016528925619834663
0.9989682946800963,0.0002579263299759282,0.0002579263299759282,0.0002579263299759282,0.0002579263299759282
1.460380030897232e-05,1.460380030897232e-05,1.460380030897232e-05,1.460380030897232e-05,0.9999415847987643
0.9999392276474542,1.5193088136438159e-05,1.5193088136438159e-05,1.5193088136438159e-05,1.5193088136438159e-05
0.00034508469870489565,0.9986196612051805,0.00034508469870489565,0.00034508469870489565,0.00034508469870489565
0.9999999451049708,1.3723757320379444e-08,1.3723757320379444e-08,1.3723757320379444e-08,1.3723757320379444e-08
0.0008655901816978636,0.0008655901816978636,0.0008655901816978636,0.9965376392732086,0.0008655901816978636
0.000281556767476858,0.000281556767476858,0.000281556767476858,0.9988737729300926,0.000281556767476858
0.0002180102704895198,0.9991279589180418,0.0002180102704895198,0.0002180102704895198,0.0002180102704895198
0.0011442987541024029,0.0011442987541024029,0.0011442987541024029,0.0011442987541024029,0.9954228049835904
0.018181818181818094,0.018181818181818094,0.018181818181818094,0.018181818181818094,0.9272727272727275
0.018181818181818094,0.018181818181818094,0.018181818181818094,0.018181818181818094,0.9272727272727276
0.9933884297520661,0.0016528925619834654,0.0016528925619834654,0.0016528925619834654,0.0016528925619834654
1.0029706485158462e-05,1.0029706485158462e-05,0.9999598811740592,1.0029706485158462e-05,1.0029706485158462e-05
0.0008198448055055078,0.0008198448055055078,0.0008198448055055078,0.0008198448055055078,0.9967206207779781
0.20000000000000004,0.20000000000000004,0.20000000000000004,0.20000000000000004,0.20000000000000004
1.7942862107244505e-05,1.7942862107244505e-05,1.7942862107244505e-05,1.7942862107244505e-05,0.9999282285515709
0.0011442987541024044,0.9954228049835904,0.0011442987541024044,0.0011442987541024044,0.0011442987541024044
0.0016528925619834663,0.0016528925619834663,0.9933884297520663,0.0016528925619834663,0.0016528925619834663
0.16710133051043072,0.16710133051043072,0.33159467795827713,0.16710133051043072,0.16710133051043072
0.20000000000000004,0.20000000000000004,0.20000000000000004,0.20000000000000004,0.20000000000000004
0.0016528925619834663,0.0016528925619834663,0.9933884297520663,0.0016528925619834663,0.0016528925619834663
0.018181818181818143,0.018181818181818143,0.9272727272727274,0.018181818181818143,0.018181818181818143
5.5384543046456066e-05,5.5384543046456066e-05,5.5384543046456066e-05,5.5384543046456066e-05,0.9997784618278139
0.9999794182768265,5.145430793359067e-06,5.145430793359067e-06,5.145430793359067e-06,5.145430793359067e-06
0.018181818181818094,0.018181818181818094,0.018181818181818094,0.9272727272727276,0.018181818181818094
0.22044840111252595,0.16571128792979,0.16571128792979,0.22044840111252595,0.2276806219153682
3.820636120542313e-05,0.999847174555178,3.820636120542313e-05,3.820636120542313e-05,3.820636120542313e-05
4.116038394379475e-06,4.116038394379475e-06,0.9999835358464224,4.116038394379475e-06,4.116038394379475e-06
0.9999920177485045,1.995562873865614e-06,1.995562873865614e-06,1.995562873865614e-06,1.995562873865614e-06
0.00013977238773759705,0.00013977238773759705,0.00013977238773759705,0.9994409104490495,0.00013977238773759705
0.018181818181818143,0.018181818181818143,0.018181818181818143,0.9272727272727274,0.018181818181818143
1.0411904951286544e-05,1.0411904951286544e-05,1.0411904951286544e-05,0.9999583523801948,1.0411904951286544e-05
0.018181818181818094,0.018181818181818094,0.018181818181818094,0.018181818181818094,0.9272727272727276
0.018181818181818094,0.9272727272727276,0.018181818181818094,0.018181818181818094,0.018181818181818094
1.931250657612137e-05,1.931250657612137e-05,1.931250657612137e-05,1.931250657612137e-05,0.9999227499736955
0.00030440246104665035,0.9987823901558133,0.00030440246104665035,0.00030440246104665035,0.00030440246104665035
0.018181818181818094,0.018181818181818094,0.018181818181818094,0.9272727272727275,0.018181818181818094
0.9272727272727274,0.018181818181818143,0.018181818181818143,0.018181818181818143,0.018181818181818143
0.20000000000000004,0.20000000000000004,0.20000000000000004,0.20000000000000004,0.20000000000000004
0.001717902224286814,0.001717902224286814,0.9931283911028527,0.001717902224286814,0.001717902224286814
0.003718151188853231,0.003718151188853231,0.003718151188853231,0.003718151188853231,0.985127395244587
0.20000000000000004,0.20000000000000004,0.20000000000000004,0.20000000000000004,0.20000000000000004
6.971724245416977e-06,6.971724245416977e-06,0.9999721131030183,6.971724245416977e-06,6.971724245416977e-06
3.3520496596406247e-05,3.3520496596406247e-05,0.9998659180136144,3.3520496596406247e-05,3.3520496596406247e-05
0.999896985335885,2.575366602882752e-05,2.575366602882752e-05,2.575366602882752e-05,2.575366602882752e-05
0.002065950350153866,0.002065950350153866,0.002065950350153866,0.002065950350153866,0.9917361985993846
0.0001109523413130243,0.0001109523413130243,0.9940085735690967,0.0001109523413130243,0.005658569406964253
0.0018886413937327,0.0018886413937327,0.9924454344250692,0.0018886413937327,0.0018886413937327
0.001379238015463276,0.001379238015463276,0.001379238015463276,0.001379238015463276,0.9944830479381468
0.9999392276474542,1.5193088136438159e-05,1.5193088136438159e-05,1.5193088136438159e-05,1.5193088136438159e-05
7.075549048188373e-05,0.9997169780380726,7.075549048188373e-05,7.075549048188373e-05,7.075549048188373e-05
0.9950543736805716,0.0012364065798571046,0.0012364065798571046,0.0012364065798571046,0.0012364065798571046
0.003225989935801699,0.9870960402567933,0.003225989935801699,0.003225989935801699,0.003225989935801699
0.20000000000000004,0.20000000000000004,0.20000000000000004,0.20000000000000004,0.20000000000000004
0.0049384372360526535,0.0049384372360526535,0.9802462510557892,0.0049384372360526535,0.0049384372360526535
0.00040203630311073414,0.00040203630311073414,0.00040203630311073414,0.9983918547875571,0.00040203630311073414
0.002885181856500776,0.002885181856500776,0.002885181856500776,0.002885181856500776,0.9884592725739969
0.20000000000000004,0.20000000000000004,0.20000000000000004,0.20000000000000004,0.20000000000000004
1.0638634004185235e-06,1.0638634004185235e-06,1.0638634004185235e-06,1.0638634004185235e-06,0.9999957445463984
0.00211797447898828,0.00211797447898828,0.00211797447898828,0.00211797447898828,0.991528102084047
0.018181818181818143,0.9272727272727274,0.018181818181818143,0.018181818181818143,0.018181818181818143
0.018181818181818094,0.018181818181818094,0.018181818181818094,0.9272727272727276,0.018181818181818094
0.9992316336355372,0.00019209159111566114,0.00019209159111566114,0.00019209159111566114,0.00019209159111566114
0.006496239300099815,0.006496239300099815,0.006496239300099815,0.006496239300099815,0.9740150427996007
0.0007186505409162347,0.0007186505409162347,0.0007186505409162347,0.0007186505409162347,0.997125397836335
0.20000000000000004,0.20000000000000004,0.20000000000000004,0.20000000000000004,0.20000000000000004
0.00017802518887478306,0.00017802518887478306,0.00017802518887478306,0.00017802518887478306,0.9992878992445009
0.0004759289765729632,0.0004759289765729632,0.0004759289765729632,0.0004759289765729632,0.9980962840937082
0.20000000000000004,0.20000000000000004,0.20000000000000004,0.20000000000000004,0.20000000000000004
0.0016779615019402398,0.0016779615019402398,0.0016779615019402398,0.9932881539922391,0.0016779615019402398
0.9272727272727276,0.018181818181818094,0.018181818181818094,0.018181818181818094,0.018181818181818094
0.002642374628629869,0.002642374628629869,0.002642374628629869,0.002642374628629869,0.9894305014854805
2.9473480948812433e-05,2.9473480948812433e-05,2.9473480948812433e-05,2.9473480948812433e-05,0.9998821060762046
0.20000000000000004,0.20000000000000004,0.20000000000000004,0.20000000000000004,0.20000000000000004
0.0020610905525257186,0.0020610905525257186,0.0020610905525257186,0.0020610905525257186,0.9917556377898971
0.018181818181818143,0.018181818181818143,0.018181818181818143,0.9272727272727274,0.018181818181818143
1.8876647453670626e-05,1.8876647453670626e-05,1.8876647453670626e-05,0.9999244934101853,1.8876647453670626e-05
5.85802472693971e-06,5.85802472693971e-06,5.85802472693971e-06,5.85802472693971e-06,0.9999765679010922
0.0005252082868804174,0.0005252082868804174,0.9978991668524783,0.0005252082868804174,0.0005252082868804174
0.0005549868090693668,0.0005549868090693668,0.0005549868090693668,0.0005549868090693668,0.9977800527637226
0.9920243202060745,0.0019939199484813523,0.0019939199484813523,0.0019939199484813523,0.0019939199484813523
0.018181818181818094,0.018181818181818094,0.018181818181818094,0.9272727272727275,0.018181818181818094
0.018181818181818094,0.018181818181818094,0.018181818181818094,0.018181818181818094,0.9272727272727275
3.8092235852752275e-06,3.8092235852752275e-06,3.8092235852752275e-06,3.8092235852752275e-06,0.999984763105659
0.8516322619193867,0.10347851315473428,0.014963074975293016,0.014963074975293016,0.014963074975293016
0.7724403930173765,0.2,0.009186535660874491,0.009186535660874491,0.009186535660874491
0.018181818181818094,0.018181818181818094,0.9272727272727275,0.018181818181818094,0.018181818181818094
0.0005549868090693682,0.9977800527637226,0.0005549868090693682,0.0005549868090693682,0.0005549868090693682
0.018181818181818094,0.9272727272727276,0.018181818181818094,0.018181818181818094,0.018181818181818094
0.0006122598347558854,0.0006122598347558854,0.0006122598347558854,0.9975509606609765,0.0006122598347558854
0.00015026296018031502,0.00015026296018031502,0.9993989481592788,0.00015026296018031502,0.00015026296018031502
0.018181818181818143,0.018181818181818143,0.018181818181818143,0.9272727272727274,0.018181818181818143
0.018181818181818143,0.018181818181818143,0.018181818181818143,0.018181818181818143,0.9272727272727274
0.011984388478540064,0.9873106474933104,0.00023498800938313798,0.00023498800938313798,0.00023498800938313798
0.0015375746922867552,0.9938497012308529,0.0015375746922867552,0.0015375746922867552,0.0015375746922867552
0.0016528925619834554,0.0016528925619834554,0.0016528925619834554,0.9933884297520663,0.0016528925619834554
2.4485714004124673e-07,0.9999990205714397,2.4485714004124673e-07,2.4485714004124673e-07,2.4485714004124673e-07
1.0924434729722124e-05,1.0924434729722124e-05,1.0924434729722124e-05,1.0924434729722124e-05,0.9999563022610811
0.0001651210831556963,0.0001651210831556963,0.0001651210831556963,0.0001651210831556963,0.9993395156673772
6.702820967481833e-06,6.702820967481833e-06,6.702820967481833e-06,6.702820967481833e-06,0.9999731887161302
2.045480759743702e-06,2.045480759743702e-06,0.9999918180769609,2.045480759743702e-06,2.045480759743702e-06
9.537819046189061e-06,9.537819046189061e-06,9.537819046189061e-06,9.537819046189061e-06,0.9999618487238154
1.11775253669153e-06,1.11775253669153e-06,1.11775253669153e-06,1.11775253669153e-06,0.9999955289898532
2.4345301570931813e-05,0.999902618793716,2.4345301570931813e-05,2.4345301570931813e-05,2.4345301570931813e-05
0.9272727272727275,0.018181818181818094,0.018181818181818094,0.018181818181818094,0.018181818181818094
2.5682712035456814e-06,2.5682712035456814e-06,2.5682712035456814e-06,0.9999897269151858,2.5682712035456814e-06
0.20000000000000004,0.20000000000000004,0.20000000000000004,0.20000000000000004,0.20000000000000004
0.018181818181818143,0.018181818181818143,0.018181818181818143,0.9272727272727274,0.018181818181818143
0.9986621731619834,0.00033445670950415563,0.00033445670950415563,0.00033445670950415563,0.00033445670950415563
0.0001502579887392738,0.9993989680450428,0.0001502579887392738,0.0001502579887392738,0.0001502579887392738
0.001748815117472576,0.001748815117472576,0.001748815117472576,0.001748815117472576,0.9930047395301096
0.9986139133440464,0.0003465216639883943,0.0003465216639883943,0.0003465216639883943,0.0003465216639883943
0.0016528925619834554,0.0016528925619834554,0.0016528925619834554,0.9933884297520663,0.0016528925619834554
0.018181818181818143,0.9272727272727274,0.018181818181818143,0.018181818181818143,0.018181818181818143
0.000270244380210042,0.99891902247916,0.000270244380210042,0.000270244380210042,0.000270244380210042
0.0014582047800962676,0.0014582047800962676,0.0014582047800962676,0.0014582047800962676,0.994167180879615
0.0016528925619834663,0.0016528925619834663,0.9933884297520663,0.0016528925619834663,0.0016528925619834663
1.914692750876053e-05,1.914692750876053e-05,0.9999234122899648,1.914692750876053e-05,1.914692750876053e-05
2.428035805383077e-05,0.9999028785677846,2.428035805383077e-05,2.428035805383077e-05,2.428035805383077e-05
0.20000000000000004,0.20000000000000004,0.20000000000000004,0.20000000000000004,0.20000000000000004
0.000318945110363646,0.000318945110363646,0.000318945110363646,0.9987242195585454,0.000318945110363646
0.0016528925619834554,0.0016528925619834554,0.9933884297520663,0.0016528925619834554,0.0016528925619834554
0.00015026296018031502,0.00015026296018031502,0.9993989481592788,0.00015026296018031502,0.00015026296018031502
0.1049068233739013,0.1049068233739013,0.20844514374558948,0.47683438613270673,0.1049068233739013
0.0011442987541024029,0.0011442987541024029,0.0011442987541024029,0.0011442987541024029,0.9954228049835904
2.1434752584115454e-05,2.1434752584115454e-05,0.9999142609896637,2.1434752584115454e-05,2.1434752584115454e-05
0.0033822771641513327,0.0033822771641513327,0.0033822771641513327,0.0033822771641513327,0.9864708913433947
0.0005549868090693682,0.0005549868090693682,0.9977800527637226,0.0005549868090693682,0.0005549868090693682
0.002450145740447123,0.9901994170382113,0.002450145740447123,0.002450145740447123,0.002450145740447123
0.9939161661971005,0.0015209584507248585,0.0015209584507248585,0.0015209584507248585,0.0015209584507248585
0.20000000000000004,0.20000000000000004,0.20000000000000004,0.20000000000000004,0.20000000000000004
0.00012865658448643963,0.00012865658448643963,0.00012865658448643963,0.9994853736620541,0.00012865658448643963
0.19359229035807135,0.25422014371805146,0.2221815955084081,0.16500298520773465,0.16500298520773465
0.0014305064924842966,0.9942779740300628,0.0014305064924842966,0.0014305064924842966,0.0014305064924842966
3.049383055409477e-06,3.049383055409477e-06,0.9999878024677783,3.049383055409477e-06,3.049383055409477e-06
3.746280254429603e-05,3.746280254429603e-05,3.746280254429603e-05,3.746280254429603e-05,0.9998501487898228
5.901663159180326e-06,0.9999763933473634,5.901663159180326e-06,5.901663159180326e-06,5.901663159180326e-06
0.0016528925619834663,0.0016528925619834663,0.9933884297520663,0.0016528925619834663,0.0016528925619834663
0.20000000000000004,0.20000000000000004,0.20000000000000004,0.20000000000000004,0.20000000000000004
2.3511481275852174e-05,2.3511481275852174e-05,2.3511481275852174e-05,0.9999059540748966,2.3511481275852174e-05
0.0007328984655056367,0.9970684061379774,0.0007328984655056367,0.0007328984655056367,0.0007328984655056367
0.48184213093195716,0.48184213093195716,0.012105246045361959,0.012105246045361959,0.012105246045361959
0.9999979020100381,5.24497490436575e-07,5.24497490436575e-07,5.24497490436575e-07,5.24497490436575e-07
0.0016528925619834663,0.9933884297520663,0.0016528925619834663,0.0016528925619834663,0.0016528925619834663
1.3019704229758672e-05,1.3019704229758672e-05,0.9999479211830806,1.3019704229758672e-05,1.3019704229758672e-05
0.20000000000000004,0.20000000000000004,0.20000000000000004,0.20000000000000004,0.20000000000000004
0.008388760117859304,0.9911177834046195,0.00016448549250704483,0.00016448549250704483,0.00016448549250704483
0.9999026784503859,2.4330387403530248e-05,2.4330387403530248e-05,2.4330387403530248e-05,2.4330387403530248e-05
0.2778811051072993,0.35265346074279263,0.1850455288729013,0.09220995263850337,0.09220995263850337
0.20000000000000004,0.20000000000000004,0.20000000000000004,0.20000000000000004,0.20000000000000004
0.20000000000000004,0.20000000000000004,0.20000000000000004,0.20000000000000004,0.20000000000000004
0.00015026296018031497,0.00015026296018031497,0.00015026296018031497,0.00015026296018031497,0.9993989481592788
0.0016528925619834663,0.0016528925619834663,0.9933884297520663,0.0016528925619834663,0.0016528925619834663
0.419435514339445,0.0537096571070367,0.0537096571070367,0.419435514339445,0.0537096571070367
0.0002054252252015432,0.0002054252252015432,0.999178299099194,0.0002054252252015432,0.0002054252252015432
0.00015026296018031505,0.00015026296018031505,0.00015026296018031505,0.00015026296018031505,0.9993989481592789
0.9977800527637226,0.0005549868090693682,0.0005549868090693682,0.0005549868090693682,0.0005549868090693682
1.076156631090274e-05,1.076156631090274e-05,1.076156631090274e-05,1.076156631090274e-05,0.9999569537347562
0.20000000000000004,0.20000000000000004,0.20000000000000004,0.20000000000000004,0.20000000000000004
0.9954228049835904,0.0011442987541024029,0.0011442987541024029,0.0011442987541024029,0.0011442987541024029
0.9967654853866046,0.0008086286533488009,0.0008086286533488009,0.0008086286533488009,0.0008086286533488009
0.9776921297514723,0.005576967562131909,0.005576967562131909,0.005576967562131909,0.005576967562131909
2.310922816013144e-05,2.310922816013144e-05,2.310922816013144e-05,2.310922816013144e-05,0.9999075630873595
0.9878605163489294,0.0030348709127676625,0.0030348709127676625,0.0030348709127676625,0.0030348709127676625
1.4286243385357532e-06,0.9999942855026457,1.4286243385357532e-06,1.4286243385357532e-06,1.4286243385357532e-06
1.282659683218804e-07,1.282659683218804e-07,0.9999930736377105,6.541564384415913e-06,1.282659683218804e-07
0.9272727272727275,0.018181818181818094,0.018181818181818094,0.018181818181818094,0.018181818181818094
0.0014799082343194105,0.0014799082343194105,0.0014799082343194105,0.9940803670627223,0.0014799082343194105
2.9314738864134068e-05,2.9314738864134068e-05,2.9314738864134068e-05,0.9998827410445432,2.9314738864134068e-05
2.7878191223046294e-06,0.9999888487235108,2.7878191223046294e-06,2.7878191223046294e-06,2.7878191223046294e-06
0.018181818181818143,0.9272727272727274,0.018181818181818143,0.018181818181818143,0.018181818181818143
0.000743616902903764,0.000743616902903764,0.9970255323883849,0.000743616902903764,0.000743616902903764
0.20000000000000004,0.20000000000000004,0.20000000000000004,0.20000000000000004,0.20000000000000004
0.00010544116893021104,0.9995782353242791,0.00010544116893021104,0.00010544116893021104,0.00010544116893021104
0.0018429809305300449,0.0018429809305300449,0.0018429809305300449,0.9926280762778796,0.0018429809305300449
0.9933884297520661,0.001652892561983464,0.001652892561983464,0.001652892561983464,0.001652892561983464
0.20000000000000004,0.20000000000000004,0.20000000000000004,0.20000000000000004,0.20000000000000004
1.6935092575268026e-08,1.6935092575268026e-08,0.9999999322596297,1.6935092575268026e-08,1.6935092575268026e-08
0.018181818181818143,0.018181818181818143,0.9272727272727274,0.018181818181818143,0.018181818181818143
5.1090118909225465e-09,9.707155878429261e-06,5.1090118909225465e-09,5.1090118909225465e-09,0.9999902775170859
2.6754702565073775e-06,2.6754702565073775e-06,0.999989298118974,2.6754702565073775e-06,2.6754702565073775e-06
9.280452748908038e-07,9.280452748908038e-07,0.9999962878189005,9.280452748908038e-07,9.280452748908038e-07
9.409674388339347e-05,9.409674388339347e-05,0.9996236130244666,9.409674388339347e-05,9.409674388339347e-05
0.00015026296018031502,0.00015026296018031502,0.00015026296018031502,0.9993989481592788,0.00015026296018031502
0.0016528925619834663,0.0016528925619834663,0.0016528925619834663,0.9933884297520663,0.0016528925619834663
0.018181818181818143,0.018181818181818143,0.018181818181818143,0.018181818181818143,0.9272727272727274
