0.000270631178917142,0.000270631178917142,0.000270631178917142,0.9989174752843315,0.000270631178917142
0.9993481012464815,0.0001629746883796005,0.0001629746883796005,0.0001629746883796005,0.0001629746883796005
0.9994052158301656,0.00014869604245861066,0.00014869604245861066,0.00014869604245861066,0.00014869604245861066
0.0005984247250809161,0.0005984247250809161,0.9976063010996764,0.0005984247250809161,0.0005984247250809161
0.24470758573435372,0.1888231035664116,0.21676534465038266,0.1888231035664116,0.16088086248244052
6.964641313544368e-05,0.9997214143474582,6.964641313544368e-05,6.964641313544368e-05,6.964641313544368e-05
0.18886345787965023,0.13318074727790133,0.30022887908314805,0.18886345787965023,0.18886345787965023
0.00026718290445265934,0.00026718290445265934,0.00026718290445265934,0.9989312683821895,0.00026718290445265934
0.18057777414472914,0.13202220950655194,0.2776889034210835,0.22913333878290632,0.18057777414472914
0.9979369810529664,0.0005157547367584349,0.0005157547367584349,0.0005157547367584349,0.0005157547367584349
0.10589784176844079,0.2,0.10589784176844079,0.10589784176844079,0.48230647469467763
0.00016997022302045567,0.00016997022302045567,0.9993201191079182,0.00016997022302045567,0.00016997022302045567
0.00031096245960015315,0.9987561501615994,0.00031096245960015315,0.00031096245960015315,0.00031096245960015315
5.378324248793115e-05,5.378324248793115e-05,5.378324248793115e-05,0.9997848670300483,5.378324248793115e-05
0.00010305806249284246,0.9995877677500287,0.00010305806249284246,0.00010305806249284246,0.00010305806249284246
0.00037826452842435344,0.00037826452842435344,0.00037826452842435344,0.9984869418863025,0.00037826452842435344
0.9990035984891162,0.00024910037772093866,0.00024910037772093866,0.00024910037772093866,0.00024910037772093866
0.0009302435620251523,0.9962790257518994,0.0009302435620251523,0.0009302435620251523,0.0009302435620251523
0.9986543464336068,0.00033641339159826394,0.00033641339159826394,0.00033641339159826394,0.00033641339159826394
0.00020858087984440264,0.00020858087984440264,0.9991656764806224,0.00020858087984440264,0.00020858087984440264
0.1760488021419276,0.1760488021419276,0.25588612833550217,0.2159674652387149,0.1760488021419276
0.0002706849509674861,0.9989172601961301,0.0002706849509674861,0.0002706849509674861,0.0002706849509674861
0.9990577305583437,0.00023556736041407177,0.00023556736041407177,0.00023556736041407177,0.00023556736041407177
0.0047629177288276555,0.0047629177288276555,0.9809483290846893,0.0047629177288276555,0.0047629177288276555
0.2453585050138187,0.2453585050138187,0.18866037374654532,0.13196224247927196,0.18866037374654532
8.417378237831297e-05,0.9996633048704868,8.417378237831297e-05,8.417378237831297e-05,8.417378237831297e-05
0.27438228323549174,0.13133943085954605,0.2171651422851135,0.2457737127603026,0.13133943085954605
0.0007933281911828477,0.9493965272807883,0.0007933281911828477,0.0007933281911828477,0.048223488145663115
0.00016870563227547637,0.00016870563227547637,0.00016870563227547637,0.9993251774708981,0.00016870563227547637
9.474310053304268e-05,9.474310053304268e-05,9.474310053304268e-05,9.474310053304268e-05,0.9996210275978678
0.9988027627860568,0.00029930930348580505,0.00029930930348580505,0.00029930930348580505,0.00029930930348580505
0.9992374952316924,0.00019062619207691357,0.00019062619207691357,0.00019062619207691357,0.00019062619207691357
0.9990400825398815,0.00023997936502962407,0.00023997936502962407,0.00023997936502962407,0.00023997936502962407
0.9986083126799549,0.00034792183001125954,0.00034792183001125954,0.00034792183001125954,0.00034792183001125954
0.00018225009371733002,0.00018225009371733002,0.9992709996251308,0.00018225009371733002,0.00018225009371733002
0.00024656114576915387,0.00024656114576915387,0.00024656114576915387,0.00024656114576915387,0.9990137554169234
0.00045235926292698704,0.00045235926292698704,0.00045235926292698704,0.998190562948292,0.00045235926292698704
0.04859945709407639,0.3514005429059236,0.04859945709407639,0.2757002714529618,0.2757002714529618
0.9985599512925973,0.00036001217685069744,0.00036001217685069744,0.00036001217685069744,0.00036001217685069744
0.023983715919021462,0.17066395265317025,0.684044781222691,0.09732383428609585,0.023983715919021462
0.9990407366317426,0.00023981584206434143,0.00023981584206434143,0.00023981584206434143,0.00023981584206434143
8.861285681599414e-05,8.861285681599414e-05,8.861285681599414e-05,8.861285681599414e-05,0.9996455485727361
0.00014160041893958964,0.00014160041893958964,0.9994335983242416,0.00014160041893958964,0.00014160041893958964
0.24652466160328396,0.18836883459917902,0.24652466160328396,0.18836883459917902,0.1302130075950741
0.0002501001277873572,0.0002501001277873572,0.9989995994888506,0.0002501001277873572,0.0002501001277873572
0.00029273795509571855,0.9988290481796172,0.00029273795509571855,0.00029273795509571855,0.00029273795509571855
0.0003681305834333729,0.0003681305834333729,0.0003681305834333729,0.9985274776662666,0.0003681305834333729
0.9993490984786888,0.00016272538032780987,0.00016272538032780987,0.00016272538032780987,0.00016272538032780987
0.9987401917749305,0.0003149520562673757,0.0003149520562673757,0.0003149520562673757,0.0003149520562673757
0.15882066877041306,0.15882066877041306,0.2823586624591739,0.15882066877041306,0.24117933122958696
0.0004092150148368453,0.0004092150148368453,0.0004092150148368453,0.9983631399406526,0.0004092150148368453
0.5059641462324532,0.04701792688377338,0.1235089634418867,0.19999999999999998,0.1235089634418867
5.0605806943627594e-05,0.9997975767722254,5.0605806943627594e-05,5.0605806943627594e-05,5.0605806943627594e-05
0.00042808179821585205,0.9982876728071366,0.00042808179821585205,0.00042808179821585205,0.00042808179821585205
0.11146700495004756,0.36441841937848307,0.23794271216426532,0.11146700495004756,0.17470485855715645
0.000409498789837457,0.000409498789837457,0.000409498789837457,0.000409498789837457,0.9983620048406503
0.9996467251118759,8.831872203102673e-05,8.831872203102673e-05,8.831872203102673e-05,8.831872203102673e-05
0.9990082906931415,0.0002479273267146378,0.0002479273267146378,0.0002479273267146378,0.0002479273267146378
0.000372108469525506,0.000372108469525506,0.000372108469525506,0.9985115661218981,0.000372108469525506
0.18032889046375536,0.18032889046375536,0.08197334278253202,0.47539553350742536,0.08197334278253202
9.615418359297444e-05,0.999615383265628,9.615418359297444e-05,9.615418359297444e-05,9.615418359297444e-05
0.9995115208994501,0.00012211977513746603,0.00012211977513746603,0.00012211977513746603,0.00012211977513746603
0.00016899145185634632,0.00016899145185634632,0.9993240341925747,0.00016899145185634632,0.00016899145185634632
0.9995347753064517,0.0001163061733870914,0.0001163061733870914,0.0001163061733870914,0.0001163061733870914
0.999403931801897,0.00014901704952573815,0.00014901704952573815,0.00014901704952573815,0.00014901704952573815
0.17870312838904656,0.17870312838904656,0.12546094936166294,0.17870312838904656,0.3384296654711974
0.9997464095036503,6.339762408744263e-05,6.339762408744263e-05,6.339762408744263e-05,6.339762408744263e-05
0.06533090126574521,0.11022060084383013,0.4693381974685095,0.11022060084383013,0.2448896995780849
0.1799701186488725,0.23004482202669135,0.23004482202669135,0.1799701186488725,0.1799701186488725
0.9992432396410423,0.00018919008973939525,0.00018919008973939525,0.00018919008973939525,0.00018919008973939525
0.999513273556349,0.00012168161091274589,0.00012168161091274589,0.00012168161091274589,0.00012168161091274589
0.00017464404172795343,0.9993014238330882,0.00017464404172795343,0.00017464404172795343,0.00017464404172795343
0.5719969092600568,0.05533453528775573,0.15866701008221595,0.15866701008221595,0.05533453528775573
0.00019415798546178347,0.00019415798546178347,0.00019415798546178347,0.00019415798546178347,0.9992233680581528
0.9997318360878328,6.704097804181952e-05,6.704097804181952e-05,6.704097804181952e-05,6.704097804181952e-05
0.9993633562855219,0.0001591609286195257,0.0001591609286195257,0.0001591609286195257,0.0001591609286195257
0.00011229960196810408,0.9995508015921275,0.00011229960196810408,0.00011229960196810408,0.00011229960196810408
0.00045004444685879284,0.9981998222125649,0.00045004444685879284,0.00045004444685879284,0.00045004444685879284
6.794167048729458e-05,6.794167048729458e-05,0.9997282333180508,6.794167048729458e-05,6.794167048729458e-05
0.00037022663401651683,0.998519093463934,0.00037022663401651683,0.00037022663401651683,0.00037022663401651683
0.9991570879378424,0.0002107280155393863,0.0002107280155393863,0.0002107280155393863,0.0002107280155393863
0.20907892236576334,0.20907892236576334,0.25447353419457996,0.20907892236576334,0.11828969870813015
0.9992037829869622,0.00019905425325943382,0.00019905425325943382,0.00019905425325943382,0.00019905425325943382
0.00022592997086329268,0.9990962801165469,0.00022592997086329268,0.00022592997086329268,0.00022592997086329268
0.9997905266568581,5.2368335785465836e-05,5.2368335785465836e-05,5.2368335785465836e-05,5.2368335785465836e-05
0.9996700021501467,8.249946246333326e-05,8.249946246333326e-05,8.249946246333326e-05,8.249946246333326e-05
0.0001512770322370947,0.0001512770322370947,0.0001512770322370947,0.0001512770322370947,0.9993948918710517
9.723427101523204e-05,9.723427101523204e-05,0.999611062915939,9.723427101523204e-05,9.723427101523204e-05
0.2,0.22540364760119155,0.17459635239880844,0.22540364760119155,0.17459635239880844
0.23800294341918554,0.210857983834053,0.18371302424892047,0.18371302424892047,0.18371302424892047
0.0066927976107481,0.0066927976107481,0.9128203088103662,0.0066927976107481,0.06710129835738932
0.9987808618021934,0.00030478454945163095,0.00030478454945163095,0.00030478454945163095,0.00030478454945163095
0.00014597306491870735,0.00014597306491870735,0.00014597306491870735,0.9994161077403252,0.00014597306491870735
7.740921708633586e-05,7.740921708633586e-05,0.9996903631316547,7.740921708633586e-05,7.740921708633586e-05
0.0001942648323586488,0.9992229406705654,0.0001942648323586488,0.0001942648323586488,0.0001942648323586488
0.0033398038501083983,0.9866407845995663,0.0033398038501083983,0.0033398038501083983,0.0033398038501083983
0.0006684083284220796,0.0006684083284220796,0.0006684083284220796,0.9973263666863117,0.0006684083284220796
0.00010459446680340139,0.9995816221327865,0.00010459446680340139,0.00010459446680340139,0.00010459446680340139
0.0029203525351912092,0.9883185898592353,0.0029203525351912092,0.0029203525351912092,0.0029203525351912092
0.9996104310752605,9.739223118486797e-05,9.739223118486797e-05,9.739223118486797e-05,9.739223118486797e-05
0.0005043377953991493,0.0005043377953991493,0.0005043377953991493,0.0005043377953991493,0.9979826488184034
4.878125274069172e-05,0.9998048749890374,4.878125274069172e-05,4.878125274069172e-05,4.878125274069172e-05
0.9996052407576763,9.868981058092888e-05,9.868981058092888e-05,9.868981058092888e-05,9.868981058092888e-05
0.43227505402141086,0.29564266930293387,0.022377899865979885,0.19316838076407614,0.056535996045599134
0.9988806288939989,0.00027984277650027666,0.00027984277650027666,0.00027984277650027666,0.00027984277650027666
8.962644204140187e-05,8.962644204140187e-05,8.962644204140187e-05,0.9996414942318345,8.962644204140187e-05
0.2464035495125939,0.18839911262185152,0.18839911262185152,0.13039467573110916,0.2464035495125939
0.0824654478047977,0.0824654478047977,0.5966791136588078,0.15592454292679914,0.0824654478047977
0.998104176132219,0.00047395596694524715,0.00047395596694524715,0.00047395596694524715,0.00047395596694524715
0.0024969841707263595,0.0024969841707263595,0.0024969841707263595,0.9900120633170946,0.0024969841707263595
0.0017443935888169079,0.0017443935888169079,0.9930224256447323,0.0017443935888169079,0.0017443935888169079
6.225032278213369e-05,6.225032278213369e-05,0.9997509987088715,6.225032278213369e-05,6.225032278213369e-05
0.06616539280729766,0.06616539280729766,0.014690543887027518,0.7353384287708095,0.1176402417275678
0.9995227242427561,0.00011931893931098235,0.00011931893931098235,0.00011931893931098235,0.00011931893931098235
0.03961029472146177,0.3603897052785382,0.03961029472146177,0.03961029472146177,0.5207794105570764
0.14687487611663444,0.2796876858250484,0.2796876858250484,0.14687487611663444,0.14687487611663444
0.00027736039603170243,0.00027736039603170243,0.9988905584158733,0.00027736039603170243,0.00027736039603170243
0.9994889918008311,0.00012775204979221955,0.00012775204979221955,0.00012775204979221955,0.00012775204979221955
0.9997278106353734,6.804734115663557e-05,6.804734115663557e-05,6.804734115663557e-05,6.804734115663557e-05
0.9988779211835785,0.000280519704105387,0.000280519704105387,0.000280519704105387,0.000280519704105387
0.0002373612214382681,0.9990505551142469,0.0002373612214382681,0.0002373612214382681,0.0002373612214382681
0.003337720001014867,0.003337720001014867,0.003337720001014867,0.003337720001014867,0.9866491199959405
8.709093516083666e-05,8.709093516083666e-05,0.9996516362593566,8.709093516083666e-05,8.709093516083666e-05
0.024520195695328036,0.375479804304672,0.024520195695328036,0.5509596086093439,0.024520195695328036
0.25453210494406303,0.19999999999999998,0.19999999999999998,0.19999999999999998,0.14546789505593688
0.0001851545642316643,0.9992593817430734,0.0001851545642316643,0.0001851545642316643,0.0001851545642316643
0.00054419336762253,0.9978232265295099,0.00054419336762253,0.00054419336762253,0.00054419336762253
0.42109769931692104,0.006539513097694077,0.006539513097694077,0.006539513097694077,0.5592837613899968
0.9998036582424886,4.908543937784607e-05,4.908543937784607e-05,4.908543937784607e-05,4.908543937784607e-05
0.00017627014701084495,0.00017627014701084495,0.00017627014701084495,0.00017627014701084495,0.9992949194119565
0.00018890682194896296,0.00018890682194896296,0.9992443727122041,0.00018890682194896296,0.00018890682194896296
0.17724301778891835,0.23413547331662243,0.23413547331662243,0.17724301778891835,0.17724301778891835
0.00024952670992272225,0.9990018931603092,0.00024952670992272225,0.00024952670992272225,0.00024952670992272225
0.999694800029625,7.629999259377578e-05,7.629999259377578e-05,7.629999259377578e-05,7.629999259377578e-05
0.0002099158920907119,0.0002099158920907119,0.999160336431637,0.0002099158920907119,0.0002099158920907119
0.00010153099526855949,0.00010153099526855949,0.00010153099526855949,0.9995938760189257,0.00010153099526855949
0.00018265327336560084,0.00018265327336560084,0.00018265327336560084,0.9992693869065377,0.00018265327336560084
0.14283891977008936,0.285741620344866,0.23810738681994048,0.14283891977008936,0.19047315329501494
0.0001581189238240678,0.0001581189238240678,0.9993675243047037,0.0001581189238240678,0.0001581189238240678
7.423215376457597e-05,7.423215376457597e-05,0.9997030713849416,7.423215376457597e-05,7.423215376457597e-05
0.20000000000000004,0.20000000000000004,0.14237785776635872,0.14237785776635872,0.3152442844672826
6.98400819801613e-05,0.9997206396720794,6.98400819801613e-05,6.98400819801613e-05,6.98400819801613e-05
8.864760966441958e-05,8.864760966441958e-05,0.9996454095613423,8.864760966441958e-05,8.864760966441958e-05
0.00033302506023732774,0.00033302506023732774,0.9986678997590507,0.00033302506023732774,0.00033302506023732774
0.07173405431025034,0.0004751955937227455,0.9268403589085815,0.0004751955937227455,0.0004751955937227455
0.0001775095728635155,0.9992899617085459,0.0001775095728635155,0.0001775095728635155,0.0001775095728635155
0.9994835922999287,0.0001291019250178467,0.0001291019250178467,0.0001291019250178467,0.0001291019250178467
0.00043655574831230815,0.9982537770067509,0.00043655574831230815,0.00043655574831230815,0.00043655574831230815
0.0002309179940754062,0.9990763280236983,0.0002309179940754062,0.0002309179940754062,0.0002309179940754062
0.00010830834455716269,0.00010830834455716269,0.9995667666217714,0.00010830834455716269,0.00010830834455716269
0.9988067850368574,0.00029830374078564873,0.00029830374078564873,0.00029830374078564873,0.00029830374078564873
0.9997624489720162,5.9387756995939503e-05,5.9387756995939503e-05,5.9387756995939503e-05,5.9387756995939503e-05
0.9989515902263624,0.00026210244340941114,0.00026210244340941114,0.00026210244340941114,0.00026210244340941114
0.0001539448402252828,0.0001539448402252828,0.9993842206390989,0.0001539448402252828,0.0001539448402252828
0.19999999999999998,0.29497912493504674,0.19999999999999998,0.19999999999999998,0.10502087506495325
0.17012579963048183,0.24481130055427727,0.17012579963048183,0.0954402987066864,0.3194968014780727
0.2268071635634917,0.14638567287301665,0.2268071635634917,0.14638567287301665,0.2536143271269834
0.024875911357801136,0.12216707171457829,0.608622873498464,0.024875911357801136,0.21945823207135542
0.9985351223590051,0.00036621941024871704,0.00036621941024871704,0.00036621941024871704,0.00036621941024871704
0.00018516020889159672,0.00018516020889159672,0.9992593591644336,0.00018516020889159672,0.00018516020889159672
0.00027848891800496823,0.00027848891800496823,0.9988860443279801,0.00027848891800496823,0.00027848891800496823
0.00029756371120615943,0.00029756371120615943,0.9988097451551754,0.00029756371120615943,0.00029756371120615943
3.470650311942312e-05,3.470650311942312e-05,3.470650311942312e-05,0.9998611739875224,3.470650311942312e-05
0.00015651464511742797,0.00015651464511742797,0.00015651464511742797,0.9993739414195302,0.00015651464511742797
0.23502628560319508,0.11827200025921145,0.17664914293120326,0.23502628560319508,0.23502628560319508
0.9992829740738522,0.00017925648153693856,0.00017925648153693856,0.00017925648153693856,0.00017925648153693856
0.00025713696090017837,0.00025713696090017837,0.9989714521563992,0.00025713696090017837,0.00025713696090017837
0.6516258564791699,0.028693640645832113,0.028693640645832113,0.2622932215833338,0.028693640645832113
0.2643191887664104,0.1437207098293909,0.1437207098293909,0.18392020280839738,0.2643191887664104
0.00019834785948198334,0.00019834785948198334,0.9992066085620721,0.00019834785948198334,0.00019834785948198334
0.00018973252540244352,0.00018973252540244352,0.00018973252540244352,0.00018973252540244352,0.9992410698983901
0.0006137994037210983,0.0006137994037210983,0.9975448023851157,0.0006137994037210983,0.0006137994037210983
0.15075255341050922,0.1917920922350849,0.2738711698842362,0.15075255341050922,0.23283163105966057
0.0006922937874143453,0.0006922937874143453,0.9972308248503428,0.0006922937874143453,0.0006922937874143453
0.00023997936502962407,0.00023997936502962407,0.9990400825398815,0.00023997936502962407,0.00023997936502962407
0.9993524524992708,0.0001618868751822773,0.0001618868751822773,0.0001618868751822773,0.0001618868751822773
5.968759929826859e-05,5.968759929826859e-05,0.9997612496028069,5.968759929826859e-05,5.968759929826859e-05
0.00013457834168751395,0.00013457834168751395,0.00013457834168751395,0.9994616866332499,0.00013457834168751395
0.9987133412359718,0.0003216646910070511,0.0003216646910070511,0.0003216646910070511,0.0003216646910070511
0.1193990221157959,0.38806894839647627,0.186566503685966,0.186566503685966,0.1193990221157959
0.00012356647232020503,0.00012356647232020503,0.00012356647232020503,0.00012356647232020503,0.9995057341107191
0.00012990201872106112,0.00012990201872106112,0.00012990201872106112,0.9994803919251157,0.00012990201872106112
0.017780599960615307,0.017780599960615307,0.2780940285883078,0.0828589571175384,0.6034858143729233
0.19999999999999996,0.19999999999999996,0.1515121375802636,0.19999999999999996,0.24848786241973633
5.639177033600868e-05,5.639177033600868e-05,0.999774432918656,5.639177033600868e-05,5.639177033600868e-05
0.9995493268775073,0.00011266828062317566,0.00011266828062317566,0.00011266828062317566,0.00011266828062317566
0.9998145268261368,4.636829346578224e-05,4.636829346578224e-05,4.636829346578224e-05,4.636829346578224e-05
0.9993535768961865,0.00016160577595336037,0.00016160577595336037,0.00016160577595336037,0.00016160577595336037
0.9963085384079636,0.0009228653980090946,0.0009228653980090946,0.0009228653980090946,0.0009228653980090946
0.00027000400336616635,0.00027000400336616635,0.00027000400336616635,0.00027000400336616635,0.9989199839865353
5.389574836765186e-05,5.389574836765186e-05,5.389574836765186e-05,5.389574836765186e-05,0.9997844170065293
0.00025890370099912344,0.00025890370099912344,0.9989643851960036,0.00025890370099912344,0.00025890370099912344
0.0003367794962895177,0.0003367794962895177,0.0003367794962895177,0.9986528820148418,0.0003367794962895177
0.998391214974419,0.00040219625639524185,0.00040219625639524185,0.00040219625639524185,0.00040219625639524185
9.93457317347289e-05,9.93457317347289e-05,9.93457317347289e-05,9.93457317347289e-05,0.9996026170730611
0.9995807137928883,0.00010482155177794891,0.00010482155177794891,0.00010482155177794891,0.00010482155177794891
0.0001669607592895894,0.0001669607592895894,0.0001669607592895894,0.0001669607592895894,0.9993321569628417
0.0003694626820649215,0.9985221492717403,0.0003694626820649215,0.0003694626820649215,0.0003694626820649215
0.19999999999999998,0.7864385908076515,0.004520469730782774,0.004520469730782774,0.004520469730782774
0.00019140709046715985,0.00019140709046715985,0.9992343716381313,0.00019140709046715985,0.00019140709046715985
5.7230055020746496e-05,5.7230055020746496e-05,0.9997710797799171,5.7230055020746496e-05,5.7230055020746496e-05
0.9988293388428973,0.00029266528927565953,0.00029266528927565953,0.00029266528927565953,0.00029266528927565953
0.0002309179940754062,0.9990763280236983,0.0002309179940754062,0.0002309179940754062,0.0002309179940754062
6.114298432339073e-05,6.114298432339073e-05,6.114298432339073e-05,0.9997554280627065,6.114298432339073e-05
0.9996734899431245,8.162751421885628e-05,8.162751421885628e-05,8.162751421885628e-05,8.162751421885628e-05
0.0001424146090738806,0.0001424146090738806,0.9994303415637045,0.0001424146090738806,0.0001424146090738806
0.1879753284824741,0.24809868607010374,0.3082220436577333,0.1278519708948445,0.1278519708948445
0.0001617591239784447,0.0001617591239784447,0.9993529635040863,0.0001617591239784447,0.0001617591239784447
0.000568268023309036,0.000568268023309036,0.9977269279067639,0.000568268023309036,0.000568268023309036
0.004634412268888027,0.981462350924448,0.004634412268888027,0.004634412268888027,0.004634412268888027
0.0007419909554998927,0.9970320361780004,0.0007419909554998927,0.0007419909554998927,0.0007419909554998927
0.00038486544899968213,0.9984605382040014,0.00038486544899968213,0.00038486544899968213,0.00038486544899968213
0.25874461720457514,0.17482373548375355,0.25874461720457514,0.17482373548375355,0.13286329462334276
0.9993146508918511,0.0001713372770372324,0.0001713372770372324,0.0001713372770372324,0.0001713372770372324
0.00012875067426273683,0.00012875067426273683,0.999484997302949,0.00012875067426273683,0.00012875067426273683
0.00011469789107380277,0.00011469789107380277,0.00011469789107380277,0.00011469789107380277,0.9995412084357049
0.0001675172527240541,0.9993299309891037,0.0001675172527240541,0.0001675172527240541,0.0001675172527240541
0.9839109435719444,0.004022264107013883,0.004022264107013883,0.004022264107013883,0.004022264107013883
0.00011888423643751156,0.9995244630542499,0.00011888423643751156,0.00011888423643751156,0.00011888423643751156
0.00020097444327438972,0.9991961022269024,0.00020097444327438972,0.00020097444327438972,0.00020097444327438972
0.00011652620934221929,0.00011652620934221929,0.00011652620934221929,0.9995338951626311,0.00011652620934221929
0.0006019284807390748,0.0006019284807390748,0.0006019284807390748,0.0006019284807390748,0.9975922860770438
0.0006183243492597327,0.9975267026029611,0.0006183243492597327,0.0006183243492597327,0.0006183243492597327
0.12458913947327935,0.31311629079008096,0.25027390701781377,0.18743152324554657,0.12458913947327935
0.000329542234475798,0.9986818310620967,0.000329542234475798,0.000329542234475798,0.000329542234475798
6.221417996812307e-05,6.221417996812307e-05,6.221417996812307e-05,6.221417996812307e-05,0.9997511432801276
0.9981738923818824,0.0004565269045294216,0.0004565269045294216,0.0004565269045294216,0.0004565269045294216
0.9992953339623808,0.00017616650940480318,0.00017616650940480318,0.00017616650940480318,0.00017616650940480318
0.00014120535153072113,0.9994351785938771,0.00014120535153072113,0.00014120535153072113,0.00014120535153072113
6.925006636672501e-05,6.925006636672501e-05,6.925006636672501e-05,0.9997229997345332,6.925006636672501e-05
0.01676408950374332,0.01676408950374332,0.01676408950374332,0.9329436419850267,0.01676408950374332
0.12241673826943349,0.43274978519169954,0.12241673826943349,0.2,0.12241673826943349
0.998769977657651,0.00030750558558724034,0.00030750558558724034,0.00030750558558724034,0.00030750558558724034
0.29284003115909674,0.2348150116846613,0.11876497273579041,0.17678999221022584,0.17678999221022584
0.00018685623402862718,0.9992525750638855,0.00018685623402862718,0.00018685623402862718,0.00018685623402862718
3.657785599490915e-05,3.657785599490915e-05,3.657785599490915e-05,0.9998536885760204,3.657785599490915e-05
0.0005016939601064262,0.0005016939601064262,0.0005016939601064262,0.9979932241595743,0.0005016939601064262
4.994103263516734e-05,0.9998002358694593,4.994103263516734e-05,4.994103263516734e-05,4.994103263516734e-05
0.22577022012138973,0.13986948638342403,0.1828198532524069,0.2687205869903726,0.1828198532524069
0.999146878667971,0.00021328033300723885,0.00021328033300723885,0.00021328033300723885,0.00021328033300723885
0.0002829385472325542,0.0002829385472325542,0.9988682458110697,0.0002829385472325542,0.0002829385472325542
0.0002309179940754062,0.0002309179940754062,0.0002309179940754062,0.9990763280236983,0.0002309179940754062
0.1916485666097155,0.3586772344154051,0.1498913996582931,0.1916485666097155,0.1081342327068707
0.0002146786936276476,0.0002146786936276476,0.0002146786936276476,0.9991412852254894,0.0002146786936276476
3.380198363375593e-05,3.380198363375593e-05,0.999864792065465,3.380198363375593e-05,3.380198363375593e-05
0.00021915607068164386,0.00021915607068164386,0.9991233757172735,0.00021915607068164386,0.00021915607068164386
0.13275527886093968,0.27685110987321176,0.13275527886093968,0.27685110987321176,0.18078722253169704
0.00020834323149114504,0.00020834323149114504,0.9991666270740355,0.00020834323149114504,0.00020834323149114504
0.00026566994092258676,0.00026566994092258676,0.9989373202363097,0.00026566994092258676,0.00026566994092258676
0.0004484522755801863,0.0004484522755801863,0.9982061908976793,0.0004484522755801863,0.0004484522755801863
0.9993774767738335,0.00015563080654166145,0.00015563080654166145,0.00015563080654166145,0.00015563080654166145
0.00017846811710968308,0.9992861275315612,0.00017846811710968308,0.00017846811710968308,0.00017846811710968308
0.9989913112327783,0.0002521721918054256,0.0002521721918054256,0.0002521721918054256,0.0002521721918054256
0.00023991310931133455,0.00023991310931133455,0.9990403475627547,0.00023991310931133455,0.00023991310931133455
0.0002381475158776144,0.0002381475158776144,0.0002381475158776144,0.9990474099364895,0.0002381475158776144
0.0002309179940754062,0.0002309179940754062,0.9990763280236983,0.0002309179940754062,0.0002309179940754062
0.00020849594608762865,0.00020849594608762865,0.00020849594608762865,0.00020849594608762865,0.9991660162156495
0.16067933145721908,0.16067933145721908,0.2,0.2,0.2786413370855619
0.00017229358677963718,0.00017229358677963718,0.9993108256528814,0.00017229358677963718,0.00017229358677963718
0.00010006081324688407,0.00010006081324688407,0.9995997567470125,0.00010006081324688407,0.00010006081324688407
0.13115092582824767,0.17418159718559287,0.30327361125762853,0.2172122685429381,0.17418159718559287
0.9990753848490368,0.00023115378774080962,0.00023115378774080962,0.00023115378774080962,0.00023115378774080962
0.00012767963032125768,0.00012767963032125768,0.00012767963032125768,0.9994892814787149,0.00012767963032125768
0.16578171744313333,0.2,0.23421828255686666,0.16578171744313333,0.23421828255686666
0.14652414118366838,0.23565057254422112,0.23565057254422112,0.11681533073015081,0.2653593829977387
0.0011428041007810763,0.0011428041007810763,0.0011428041007810763,0.0011428041007810763,0.9954287835968757
0.9985361164838911,0.0003659708790272458,0.0003659708790272458,0.0003659708790272458,0.0003659708790272458
0.9991328494642379,0.00021678763394055334,0.00021678763394055334,0.00021678763394055334,0.00021678763394055334
0.2686955972731787,0.19236715585853573,0.19236715585853573,0.19236715585853573,0.15420293515121422
0.00017627014701084495,0.00017627014701084495,0.9992949194119565,0.00017627014701084495,0.00017627014701084495
0.00016715971270765359,0.00016715971270765359,0.00016715971270765359,0.9993313611491693,0.00016715971270765359
0.0003345339988560114,0.0003345339988560114,0.998661864004576,0.0003345339988560114,0.0003345339988560114
0.00032890833029428253,0.00032890833029428253,0.00032890833029428253,0.9986843666788229,0.00032890833029428253
0.0017700377824691731,0.9929198488701232,0.0017700377824691731,0.0017700377824691731,0.0017700377824691731
7.460478043182938e-05,7.460478043182938e-05,7.460478043182938e-05,0.9997015808782727,7.460478043182938e-05
0.9995895151337877,0.00010262121655305484,0.00010262121655305484,0.00010262121655305484,0.00010262121655305484
5.7059544183742e-05,5.7059544183742e-05,5.7059544183742e-05,5.7059544183742e-05,0.999771761823265
0.0021901946554185752,0.0021901946554185752,0.0021901946554185752,0.9912392213783257,0.0021901946554185752
0.00023936693345084505,0.00023936693345084505,0.9990425322661968,0.00023936693345084505,0.00023936693345084505
0.0004049352927694065,0.0004049352927694065,0.9983802588289222,0.0004049352927694065,0.0004049352927694065
0.9993145081319984,0.00017137296700039164,0.00017137296700039164,0.00017137296700039164,0.00017137296700039164
0.0002464363228955384,0.0002464363228955384,0.999014254708418,0.0002464363228955384,0.0002464363228955384
0.00018330948465523222,0.00018330948465523222,0.9992667620613791,0.00018330948465523222,0.00018330948465523222
0.2243530715340783,0.16347039269888247,0.2243530715340783,0.2243530715340783,0.16347039269888247
0.21531301780948278,0.21531301780948278,0.1642696251112069,0.18979132146034483,0.21531301780948278
0.00022033270088987362,0.00022033270088987362,0.9991186691964404,0.00022033270088987362,0.00022033270088987362
0.00027207554484117753,0.9989116978206354,0.00027207554484117753,0.00027207554484117753,0.00027207554484117753
0.0002309179940754062,0.9990763280236983,0.0002309179940754062,0.0002309179940754062,0.0002309179940754062
0.00011248471580263725,0.00011248471580263725,0.9995500611367895,0.00011248471580263725,0.00011248471580263725
0.9997894831391219,5.262921521953411e-05,5.262921521953411e-05,5.262921521953411e-05,5.262921521953411e-05
0.9991548144622729,0.00021129638443173062,0.00021129638443173062,0.00021129638443173062,0.00021129638443173062
0.00019717270988811058,0.9992113091604474,0.00019717270988811058,0.00019717270988811058,0.00019717270988811058
0.9981060334782583,0.0004734916304354268,0.0004734916304354268,0.0004734916304354268,0.0004734916304354268
6.396868600293228e-05,0.9997441252559882,6.396868600293228e-05,6.396868600293228e-05,6.396868600293228e-05
0.9992702964817968,0.00018242587955078458,0.00018242587955078458,0.00018242587955078458,0.00018242587955078458
0.00017018886478968075,0.9993192445408413,0.00017018886478968075,0.00017018886478968075,0.00017018886478968075
0.1148798850479675,0.45536034485609755,0.1148798850479675,0.2,0.1148798850479675
0.0002114051367176467,0.9991543794531293,0.0002114051367176467,0.0002114051367176467,0.0002114051367176467
0.19339829634304118,0.19339829634304118,0.2264068146278354,0.19339829634304118,0.19339829634304118
0.0009298414037138006,0.0009298414037138006,0.0009298414037138006,0.0009298414037138006,0.9962806343851448
6.37420303056471e-05,6.37420303056471e-05,6.37420303056471e-05,0.9997450318787774,6.37420303056471e-05
0.00046996142051713156,0.9981201543179314,0.00046996142051713156,0.00046996142051713156,0.00046996142051713156
0.4518680943866713,0.05418162956561136,0.05418162956561136,0.05418162956561136,0.3855870169164946
0.0001584555302498864,0.0001584555302498864,0.0001584555302498864,0.0001584555302498864,0.9993661778790005
0.8697681060173992,0.013087970413749065,0.013087970413749065,0.09096798274135363,0.013087970413749065
0.9992150863245771,0.00019622841885572924,0.00019622841885572924,0.00019622841885572924,0.00019622841885572924
0.00020302669835269498,0.00020302669835269498,0.9991878932065893,0.00020302669835269498,0.00020302669835269498
0.22495339145652743,0.22495339145652743,0.16256991281520897,0.19376165213586818,0.19376165213586818
0.15750129160889234,0.31687144807554596,0.15750129160889234,0.26374806258666145,0.1043779061200078
0.007212125514822964,0.007212125514822964,0.007212125514822964,0.9711514979407081,0.007212125514822964
0.0001521596530806018,0.0001521596530806018,0.9993913613876776,0.0001521596530806018,0.0001521596530806018
0.00012964368543780415,0.9994814252582487,0.00012964368543780415,0.00012964368543780415,0.00012964368543780415
0.000417402379594862,0.000417402379594862,0.9983303904816205,0.000417402379594862,0.000417402379594862
0.0002600421538757997,0.0002600421538757997,0.0002600421538757997,0.0002600421538757997,0.9989598313844968
0.9991489024883766,0.00021277437790583972,0.00021277437790583972,0.00021277437790583972,0.00021277437790583972
0.9997527529497682,6.181176255795483e-05,6.181176255795483e-05,6.181176255795483e-05,6.181176255795483e-05
0.005223330134294081,0.9791066794628237,0.005223330134294081,0.005223330134294081,0.005223330134294081
0.9571212678957773,0.01071968302605565,0.01071968302605565,0.01071968302605565,0.01071968302605565
0.0013082154036584096,0.9947671383853663,0.0013082154036584096,0.0013082154036584096,0.0013082154036584096
0.0002895144692662997,0.0002895144692662997,0.9988419421229349,0.0002895144692662997,0.0002895144692662997
0.00018266491399516005,0.9992693403440194,0.00018266491399516005,0.00018266491399516005,0.00018266491399516005
0.0001080325864442765,0.0001080325864442765,0.0001080325864442765,0.999567869654223,0.0001080325864442765
0.9884314983904613,0.002892125402384688,0.002892125402384688,0.002892125402384688,0.002892125402384688
0.9995729943576649,0.00010675141058377566,0.00010675141058377566,0.00010675141058377566,0.00010675141058377566
0.3222982685774899,0.21111802441613545,0.21111802441613545,0.1555279023354582,0.09993778025478098
0.2546604351382179,0.18633489121544553,0.15217211925405935,0.18633489121544553,0.2204976631768317
0.00011522711502607193,0.00011522711502607193,0.9995390915398957,0.00011522711502607193,0.00011522711502607193
0.00026360701593000516,0.00026360701593000516,0.99894557193628,0.00026360701593000516,0.00026360701593000516
5.6300000186065484e-05,5.6300000186065484e-05,0.9997747999992559,5.6300000186065484e-05,5.6300000186065484e-05
0.999232069088667,0.00019198272783323898,0.00019198272783323898,0.00019198272783323898,0.00019198272783323898
0.0002309179940754062,0.9990763280236983,0.0002309179940754062,0.0002309179940754062,0.0002309179940754062
0.00022337895418208178,0.9991064841832716,0.00022337895418208178,0.00022337895418208178,0.00022337895418208178
7.229005862134264e-05,0.9997108397655147,7.229005862134264e-05,7.229005862134264e-05,7.229005862134264e-05
0.00019026249922081713,0.00019026249922081713,0.00019026249922081713,0.9992389500031168,0.00019026249922081713
6.335666216183553e-05,6.335666216183553e-05,6.335666216183553e-05,6.335666216183553e-05,0.9997465733513526
0.11999977488230544,0.28000022511769457,0.2,0.11999977488230544,0.28000022511769457
0.00014120535153072113,0.00014120535153072113,0.00014120535153072113,0.9994351785938771,0.00014120535153072113
0.00017617039565514918,0.00017617039565514918,0.9992953184173793,0.00017617039565514918,0.00017617039565514918
0.9995036936662898,0.0001240765834275793,0.0001240765834275793,0.0001240765834275793,0.0001240765834275793
0.00015746122701920526,0.00015746122701920526,0.00015746122701920526,0.9993701550919232,0.00015746122701920526
0.0002464774408242556,0.999014090236703,0.0002464774408242556,0.0002464774408242556,0.0002464774408242556
0.00018894004889276602,0.9992442398044289,0.00018894004889276602,0.00018894004889276602,0.00018894004889276602
0.00017676678915735873,0.9992929328433705,0.00017676678915735873,0.00017676678915735873,0.00017676678915735873
0.13661506592530778,0.40826478338827443,0.18189001883580222,0.04606516010431893,0.22716497174629666
0.00014602818104614434,0.9994158872758155,0.00014602818104614434,0.00014602818104614434,0.00014602818104614434
0.0003403273441263438,0.0003403273441263438,0.0003403273441263438,0.9986386906234946,0.0003403273441263438
0.00028989734870425737,0.00028989734870425737,0.00028989734870425737,0.9988404106051829,0.00028989734870425737
9.849975903346104e-05,9.849975903346104e-05,0.9996060009638661,9.849975903346104e-05,9.849975903346104e-05
0.00032752046774650937,0.00032752046774650937,0.00032752046774650937,0.998689918129014,0.00032752046774650937
0.9984492875649221,0.00038767810876950856,0.00038767810876950856,0.00038767810876950856,0.00038767810876950856
0.0003501266906849702,0.0003501266906849702,0.0003501266906849702,0.99859949323726,0.0003501266906849702
0.00021252664676382616,0.00021252664676382616,0.00021252664676382616,0.9991498934129447,0.00021252664676382616
0.00026786229759309443,0.00026786229759309443,0.00026786229759309443,0.00026786229759309443,0.9989285508096277
0.1823787231814598,0.2264319152278103,0.1823787231814598,0.2264319152278103,0.1823787231814598
5.866950919592403e-05,0.9997653219632163,5.866950919592403e-05,5.866950919592403e-05,5.866950919592403e-05
0.1348121120736172,0.18913535201226953,0.18913535201226953,0.24345859195092182,0.24345859195092182
0.00018578736712498327,0.9992568505315,0.00018578736712498327,0.00018578736712498327,0.00018578736712498327
0.6010037455870417,0.09974906360323955,0.028141251891267823,0.028141251891267823,0.24296468702718305
0.00025575508560506734,0.00025575508560506734,0.00025575508560506734,0.9989769796575797,0.00025575508560506734
0.2,0.2,0.13587573005198125,0.2,0.26412426994801874
0.0005535190316414032,0.9977859238734345,0.0005535190316414032,0.0005535190316414032,0.0005535190316414032
0.9996613268606517,8.466828483707151e-05,8.466828483707151e-05,8.466828483707151e-05,8.466828483707151e-05
0.00018773465589568686,0.00018773465589568686,0.9992490613764171,0.00018773465589568686,0.00018773465589568686
0.9994351785938771,0.00014120535153072113,0.00014120535153072113,0.00014120535153072113,0.00014120535153072113
0.9992507038544309,0.00018732403639224216,0.00018732403639224216,0.00018732403639224216,0.00018732403639224216
0.9990343632199817,0.00024140919500457937,0.00024140919500457937,0.00024140919500457937,0.00024140919500457937
0.00030422026564724575,0.998783118937411,0.00030422026564724575,0.00030422026564724575,0.00030422026564724575
0.00014597306491870735,0.00014597306491870735,0.00014597306491870735,0.9994161077403252,0.00014597306491870735
0.9990137554169234,0.00024656114576915387,0.00024656114576915387,0.00024656114576915387,0.00024656114576915387
0.0001236173664199657,0.0001236173664199657,0.0001236173664199657,0.9995055305343202,0.0001236173664199657
0.05931141597140732,0.6455138494238768,0.05931141597140732,0.17655190266190124,0.05931141597140732
6.750158577128548e-05,6.750158577128548e-05,0.999729993656915,6.750158577128548e-05,6.750158577128548e-05
6.447812739488272e-05,6.447812739488272e-05,0.9997420874904205,6.447812739488272e-05,6.447812739488272e-05
0.00011449465127171217,0.00011449465127171217,0.00011449465127171217,0.9995420213949133,0.00011449465127171217
0.22020017540963308,0.16969973688555043,0.16969973688555043,0.19494995614759175,0.2454503946716744
0.9994642604458114,0.00013393488854715095,0.00013393488854715095,0.00013393488854715095,0.00013393488854715095
