0.018181818181818094,0.9272727272727275,0.018181818181818094,0.018181818181818094,0.018181818181818094
0.00015026296018031505,0.00015026296018031505,0.00015026296018031505,0.00015026296018031505,0.9993989481592789
0.9272727272727274,0.018181818181818143,0.018181818181818143,0.018181818181818143,0.018181818181818143
0.9825148212979217,0.004371294675519616,0.004371294675519616,0.004371294675519616,0.004371294675519616
0.12676603760447896,0.23622148091181067,0.12676603760447896,0.12676603760447896,0.38348040627475233
0.9982459534439123,1.1322598583543124e-09,0.0017540431593081592,1.1322598583543124e-09,1.1322598583543124e-09
0.20000000000000004,0.20000000000000004,0.20000000000000004,0.20000000000000004,0.20000000000000004
0.00047592897657296505,0.00047592897657296505,0.00047592897657296505,0.9980962840937082,0.00047592897657296505
6.790156581446792e-05,6.790156581446792e-05,6.790156581446792e-05,6.790156581446792e-05,0.9997283937367422
0.0008369024072017416,0.0008369024072017416,0.0008369024072017416,0.0008369024072017416,0.9966523903711932
0.11947904587583855,0.32078143118624225,0.32078143118624225,0.11947904587583855,0.11947904587583855
0.018181818181818094,0.018181818181818094,0.9272727272727275,0.018181818181818094,0.018181818181818094
0.0012988441285897258,0.0012988441285897258,0.0012988441285897258,0.0012988441285897258,0.9948046234856409
8.410375030050842e-07,8.410375030050842e-07,8.410375030050842e-07,0.9999966358499881,8.410375030050842e-07
0.018181818181818143,0.018181818181818143,0.9272727272727274,0.018181818181818143,0.018181818181818143
0.20000000000000004,0.20000000000000004,0.20000000000000004,0.20000000000000004,0.20000000000000004
0.20000000000000004,0.20000000000000004,0.20000000000000004,0.20000000000000004,0.20000000000000004
0.0005257783055402647,0.0005257783055402647,0.9978968867778388,0.0005257783055402647,0.0005257783055402647
0.0016528925619834554,0.0016528925619834554,0.0016528925619834554,0.9933884297520663,0.0016528925619834554
0.0016528925619834654,0.0016528925619834654,0.9933884297520661,0.0016528925619834654,0.0016528925619834654
0.0003990627467389222,0.0003990627467389222,0.0003990627467389222,0.0003990627467389222,0.9984037490130443
0.003079714521333787,0.003079714521333787,0.003079714521333787,0.9876811419146646,0.003079714521333787
0.999657437930559,8.564051736023718e-05,8.564051736023718e-05,8.564051736023718e-05,8.564051736023718e-05
0.0011442987541024044,0.0011442987541024044,0.9954228049835904,0.0011442987541024044,0.0011442987541024044
0.0029291618972398436,0.0029291618972398436,0.0029291618972398436,0.0029291618972398436,0.9882833524110406
0.9999835358464223,4.116038394379475e-06,4.116038394379475e-06,4.116038394379475e-06,4.116038394379475e-06
2.102080578990781e-05,2.102080578990781e-05,2.102080578990781e-05,0.9999159167768403,2.102080578990781e-05
0.9998667006046658,3.332484883358217e-05,3.332484883358217e-05,3.332484883358217e-05,3.332484883358217e-05
0.20000000000000004,0.20000000000000004,0.20000000000000004,0.20000000000000004,0.20000000000000004
0.0016528925619834643,0.9933884297520661,0.0016528925619834643,0.0016528925619834643,0.0016528925619834643
0.9950114399981819,0.001247140000454512,0.001247140000454512,0.001247140000454512,0.001247140000454512
0.00027646702622737923,0.00027646702622737923,0.00027646702622737923,0.00027646702622737923,0.9988941318950904
0.0013912013788476756,0.0013912013788476756,0.0013912013788476756,0.0013912013788476756,0.9944351944846093
0.20000000000000004,0.20000000000000004,0.20000000000000004,0.20000000000000004,0.20000000000000004
0.9999835358464224,4.116038394379475e-06,4.116038394379475e-06,4.116038394379475e-06,4.116038394379475e-06
0.00032379793453656425,0.9987048082618538,0.00032379793453656425,0.00032379793453656425,0.00032379793453656425
0.00011890227376324414,0.00011890227376324414,0.00011890227376324414,0.999524390904947,0.00011890227376324414
1.3019704229758672e-05,1.3019704229758672e-05,1.3019704229758672e-05,0.9999479211830806,1.3019704229758672e-05
0.0011322938050936193,0.9954708247796256,0.0011322938050936193,0.0011322938050936193,0.0011322938050936193
0.21746021223772216,0.1462773422862848,0.18186877726200348,0.18186877726200348,0.2725248909519862
0.0012656287136056672,0.0012656287136056672,0.0012656287136056672,0.0012656287136056672,0.9949374851455774
1.5684882491443334e-08,0.9999999372604699,1.5684882491443334e-08,1.5684882491443334e-08,1.5684882491443334e-08
0.00043631350339538096,0.00043631350339538096,0.00043631350339538096,0.9982547459864185,0.00043631350339538096
0.0005549868090693682,0.0005549868090693682,0.0005549868090693682,0.9977800527637226,0.0005549868090693682
2.9574265643739295e-06,2.9574265643739295e-06,0.9999881702937427,2.9574265643739295e-06,2.9574265643739295e-06
0.0017040551811796738,0.0017040551811796738,0.9931837792752812,0.0017040551811796738,0.0017040551811796738
0.018181818181818143,0.9272727272727274,0.018181818181818143,0.018181818181818143,0.018181818181818143
4.705520733802369e-08,4.705520733802369e-08,0.9999998117791707,4.705520733802369e-08,4.705520733802369e-08
1.5458641993932382e-09,1.5458641993932382e-09,6.688245903646448e-06,0.9999933071165038,1.5458641993932382e-09
0.9999568166011659,1.0795849708540797e-05,1.0795849708540797e-05,1.0795849708540797e-05,1.0795849708540797e-05
0.0024662387724725694,0.0024662387724725694,0.0024662387724725694,0.9901350449101097,0.0024662387724725694
0.9999995226652342,1.1933369146505634e-07,1.1933369146505634e-07,1.1933369146505634e-07,1.1933369146505634e-07
0.00025468329529975504,0.00025468329529975504,0.9989812668188012,0.00025468329529975504,0.00025468329529975504
0.00417391629172442,0.09080570716239386,0.00417391629172442,0.00417391629172442,0.8966725439624329
0.002277399104941661,0.002277399104941661,0.9908904035802334,0.002277399104941661,0.002277399104941661
0.20000000000000004,0.20000000000000004,0.20000000000000004,0.20000000000000004,0.20000000000000004
3.1803469248714836e-06,3.1803469248714836e-06,3.1803469248714836e-06,0.9999872786123005,3.1803469248714836e-06
0.0022451589207903586,0.0022451589207903586,0.0022451589207903586,0.0022451589207903586,0.9910193643168385
0.0016528925619834663,0.9933884297520663,0.0016528925619834663,0.0016528925619834663,0.0016528925619834663
0.004366084614174113,0.9953770868791096,8.56095022387079e-05,8.56095022387079e-05,8.56095022387079e-05
5.7579924308636674e-06,5.7579924308636674e-06,0.0035460779183065444,5.7579924308636674e-06,0.996436648104401
0.00012018908983721798,0.00012018908983721798,0.9995192436406509,0.00012018908983721798,0.00012018908983721798
0.0017238302804092856,0.0017238302804092856,0.0017238302804092856,0.0017238302804092856,0.9931046788783628
0.0001502629601803149,0.0001502629601803149,0.9993989481592788,0.0001502629601803149,0.0001502629601803149
0.985401136873732,0.0036497157815670446,0.0036497157815670446,0.0036497157815670446,0.0036497157815670446
0.20000000000000004,0.20000000000000004,0.20000000000000004,0.20000000000000004,0.20000000000000004
0.0002309179940754062,0.0002309179940754062,0.9990763280236983,0.0002309179940754062,0.0002309179940754062
6.533540819530099e-07,2.6445085779486724e-10,0.0006035962883576684,0.9993957498286586,2.6445085779486724e-10
0.20000000000000004,0.20000000000000004,0.20000000000000004,0.20000000000000004,0.20000000000000004
9.007154438618512e-06,9.007154438618512e-06,9.007154438618512e-06,0.9999639713822457,9.007154438618512e-06
0.0016528925619834663,0.0016528925619834663,0.9933884297520663,0.0016528925619834663,0.0016528925619834663
0.9661580869595722,0.008460478260106935,0.008460478260106935,0.008460478260106935,0.008460478260106935
0.9272727272727275,0.018181818181818094,0.018181818181818094,0.018181818181818094,0.018181818181818094
0.9272727272727276,0.018181818181818094,0.018181818181818094,0.018181818181818094,0.018181818181818094
9.585549063335826e-05,9.585549063335826e-05,9.585549063335826e-05,9.585549063335826e-05,0.9996165780374666
0.0017913284104495361,0.0017913284104495361,0.0017913284104495361,0.9928346863582019,0.0017913284104495361
0.0018252261218821564,0.0018252261218821564,0.0018252261218821564,0.0018252261218821564,0.9926990955124713
0.0017125596256716599,0.0017125596256716599,0.0017125596256716599,0.9931497614973134,0.0017125596256716599
0.9999830619776399,4.234505590033018e-06,4.234505590033018e-06,4.234505590033018e-06,4.234505590033018e-06
0.20000000000000004,0.20000000000000004,0.20000000000000004,0.20000000000000004,0.20000000000000004
0.00021964724924473675,0.00021964724924473675,0.999121411003021,0.00021964724924473675,0.00021964724924473675
0.005170611860626935,0.005170611860626935,0.005170611860626935,0.005170611860626935,0.9793175525574921
0.20000000000000004,0.20000000000000004,0.20000000000000004,0.20000000000000004,0.20000000000000004
0.9999625829792332,9.354255191680015e-06,9.354255191680015e-06,9.354255191680015e-06,9.354255191680015e-06
2.419410235388769e-05,2.419410235388769e-05,0.0012338992200482748,2.419410235388769e-05,0.9986935184728902
0.000586154984809901,0.000586154984809901,0.025845039351675335,0.000586154984809901,0.972396495693895
1.822283361438997e-05,0.9999271086655426,1.822283361438997e-05,1.822283361438997e-05,1.822283361438997e-05
0.9999736228605197,6.594284870058114e-06,6.594284870058114e-06,6.594284870058114e-06,6.594284870058114e-06
0.0014717802460296214,0.0014717802460296214,0.0014717802460296214,0.9941128790158815,0.0014717802460296214
0.13472612893144056,0.18912102148857343,0.13472612893144056,0.35230569915997206,0.18912102148857343
0.9984905819952661,2.103662917399051e-06,2.103662917399051e-06,2.103662917399051e-06,0.0015031070159817017
1.2950766402692494e-05,1.2950766402692494e-05,0.9999481969343893,1.2950766402692494e-05,1.2950766402692494e-05
0.018181818181818094,0.018181818181818094,0.9272727272727275,0.018181818181818094,0.018181818181818094
0.9999913618239471,2.159544013274935e-06,2.159544013274935e-06,2.159544013274935e-06,2.159544013274935e-06
0.001032596473733331,0.001032596473733331,0.001032596473733331,0.9958696141050668,0.001032596473733331
0.0016528925619834658,0.0016528925619834658,0.9933884297520661,0.0016528925619834658,0.0016528925619834658
0.08429752066115698,0.0016528925619834663,0.0016528925619834663,0.9107438016528925,0.0016528925619834663
1.3923136609658467e-07,1.3923136609658467e-07,1.3923136609658467e-07,0.9999994430745356,1.3923136609658467e-07
3.9062935655489386e-05,0.0019922097184299635,3.9062935655489386e-05,3.9062935655489386e-05,0.9978906014746036
0.9968965859458846,6.200911767654856e-06,6.200911767654856e-06,0.0030848113188123635,6.200911767654856e-06
0.1256220178291232,0.31156697325631527,0.31156697325631527,0.1256220178291232,0.1256220178291232
0.998794760111488,0.000301309972128025,0.000301309972128025,0.000301309972128025,0.000301309972128025
0.000454464539851334,0.000454464539851334,0.9981821418405948,0.000454464539851334,0.000454464539851334
3.5410371750562595e-07,3.5410371750562595e-07,0.99999858358513,3.5410371750562595e-07,3.5410371750562595e-07
6.807430160747984e-06,6.807430160747984e-06,0.999972770279357,6.807430160747984e-06,6.807430160747984e-06
0.018181818181818143,0.018181818181818143,0.018181818181818143,0.9272727272727274,0.018181818181818143
0.0011743459601488227,0.9953026161594046,0.0011743459601488227,0.0011743459601488227,0.0011743459601488227
0.003705930133470853,0.003705930133470853,0.003705930133470853,0.9851762794661166,0.003705930133470853
0.20000000000000004,0.20000000000000004,0.20000000000000004,0.20000000000000004,0.20000000000000004
2.9311929923617898e-06,0.9999882752280307,2.9311929923617898e-06,2.9311929923617898e-06,2.9311929923617898e-06
0.20000000000000004,0.20000000000000004,0.20000000000000004,0.20000000000000004,0.20000000000000004
4.038885283891744e-05,4.038885283891744e-05,4.038885283891744e-05,4.038885283891744e-05,0.9998384445886443
7.774352933797553e-06,0.9999689025882648,7.774352933797553e-06,7.774352933797553e-06,7.774352933797553e-06
2.0578428884501127e-05,2.0578428884501127e-05,0.9999176862844621,2.0578428884501127e-05,2.0578428884501127e-05
0.018181818181818094,0.018181818181818094,0.018181818181818094,0.9272727272727276,0.018181818181818094
0.9272727272727274,0.018181818181818143,0.018181818181818143,0.018181818181818143,0.018181818181818143
0.9908589177043289,2.9565376179865895e-05,0.009052386167131566,2.9565376179865895e-05,2.9565376179865895e-05
0.018181818181818143,0.018181818181818143,0.9272727272727274,0.018181818181818143,0.018181818181818143
0.018181818181818143,0.018181818181818143,0.018181818181818143,0.018181818181818143,0.9272727272727274
1.0372809596380018e-05,1.0372809596380018e-05,1.0372809596380018e-05,1.0372809596380018e-05,0.9999585087616145
4.230737149629229e-05,4.230737149629229e-05,4.230737149629229e-05,0.9998307705140146,4.230737149629229e-05
0.018181818181818094,0.9272727272727276,0.018181818181818094,0.018181818181818094,0.018181818181818094
0.9999903095708574,2.4226072856427065e-06,2.4226072856427065e-06,2.4226072856427065e-06,2.4226072856427065e-06
0.018181818181818143,0.9272727272727274,0.018181818181818143,0.018181818181818143,0.018181818181818143
0.0016528925619834663,0.08429752066115698,0.9107438016528926,0.0016528925619834663,0.0016528925619834663
0.0008795809248558501,0.0008795809248558501,0.0008795809248558501,0.0008795809248558501,0.9964816763005767
0.0003511061920915695,0.0003511061920915695,0.0003511061920915695,0.9985955752316337,0.0003511061920915695
2.9020029077959472e-05,2.9020029077959472e-05,2.9020029077959472e-05,0.9984329184297901,0.0014800214829759364
5.220583351081347e-06,5.220583351081347e-06,0.9999791176665955,5.220583351081347e-06,5.220583351081347e-06
0.0006643753663623232,0.9973424985345507,0.0006643753663623232,0.0006643753663623232,0.0006643753663623232
0.0016528925619834663,0.0016528925619834663,0.9933884297520663,0.0016528925619834663,0.0016528925619834663
0.0016528925619834663,0.0016528925619834663,0.9933884297520663,0.0016528925619834663,0.0016528925619834663
0.993622618421199,0.001594345394700266,0.001594345394700266,0.001594345394700266,0.001594345394700266
0.0005935875839346421,0.0005935875839346421,0.9976256496642616,0.0005935875839346421,0.0005935875839346421
0.9707445005732803,0.007313874856679914,0.007313874856679914,0.007313874856679914,0.007313874856679914
1.4320859764973578e-06,0.999994271656094,1.4320859764973578e-06,1.4320859764973578e-06,1.4320859764973578e-06
0.018181818181818094,0.018181818181818094,0.018181818181818094,0.9272727272727276,0.018181818181818094
0.0016528925619834554,0.0016528925619834554,0.08429752066115666,0.0016528925619834554,0.9107438016528929
0.0014459356399836388,0.0014459356399836388,0.0014459356399836388,0.0014459356399836388,0.9942162574400655
4.407395102756715e-08,4.407395102756715e-08,4.407395102756715e-08,4.407395102756715e-08,0.9999998237041959
4.1439799980770274e-05,4.1439799980770274e-05,4.1439799980770274e-05,0.999834240800077,4.1439799980770274e-05
0.9999846272070986,3.843198225355774e-06,3.843198225355774e-06,3.843198225355774e-06,3.843198225355774e-06
0.999581313353132,0.00010467166171700266,0.00010467166171700266,0.00010467166171700266,0.00010467166171700266
0.9272727272727275,0.018181818181818094,0.018181818181818094,0.018181818181818094,0.018181818181818094
3.975903009315971e-08,3.975903009315971e-08,0.9999998409638796,3.975903009315971e-08,3.975903009315971e-08
0.20000000000000004,0.20000000000000004,0.20000000000000004,0.20000000000000004,0.20000000000000004
0.003716027958272503,0.003716027958272503,0.98513588816691,0.003716027958272503,0.003716027958272503
2.5047062059209916e-05,2.5047062059209916e-05,0.0012774001650197086,2.5047062059209916e-05,0.9986474586488027
0.9954305632591722,0.0011423591852069246,0.0011423591852069246,0.0011423591852069246,0.0011423591852069246
0.9986960027240741,0.000325999318981487,0.000325999318981487,0.000325999318981487,0.000325999318981487
1.3019704229758672e-05,1.3019704229758672e-05,0.9999479211830807,1.3019704229758672e-05,1.3019704229758672e-05
0.9995256763049484,0.00011858092376292192,0.00011858092376292192,0.00011858092376292192,0.00011858092376292192
0.9943877354718068,0.0014030661320483088,0.0014030661320483088,0.0014030661320483088,0.0014030661320483088
0.003150017812453308,0.003150017812453308,0.003150017812453308,0.9873999287501868,0.003150017812453308
0.018181818181818094,0.018181818181818094,0.018181818181818094,0.018181818181818094,0.9272727272727275
1.6267208313453547e-06,0.9999934931166748,1.6267208313453547e-06,1.6267208313453547e-06,1.6267208313453547e-06
0.9995616970890148,0.00010957572774632278,0.00010957572774632278,0.00010957572774632278,0.00010957572774632278
0.00016573881177673518,0.00016573881177673518,0.00016573881177673518,0.00016573881177673518,0.9993370447528931
0.9933884297520663,0.0016528925619834554,0.0016528925619834554,0.0016528925619834554,0.0016528925619834554
1.9955283999617082e-07,1.9955283999617082e-07,0.99999920178864,1.9955283999617082e-07,1.9955283999617082e-07
0.9999765241559512,5.868961012185544e-06,5.868961012185544e-06,5.868961012185544e-06,5.868961012185544e-06
2.8789688923089073e-05,2.8789688923089073e-05,2.8789688923089073e-05,2.8789688923089073e-05,0.9998848412443077
0.0016528925619834663,0.0016528925619834663,0.0016528925619834663,0.0016528925619834663,0.9933884297520663
0.018181818181818094,0.018181818181818094,0.018181818181818094,0.9272727272727275,0.018181818181818094
2.2984332122258297e-06,0.999990806267151,2.2984332122258297e-06,2.2984332122258297e-06,2.2984332122258297e-06
0.0002079371364803908,0.9991682514540785,0.0002079371364803908,0.0002079371364803908,0.0002079371364803908
0.9272727272727275,0.018181818181818094,0.018181818181818094,0.018181818181818094,0.018181818181818094
5.797001122549311e-09,5.797001122549311e-09,1.0372743679574971e-05,5.797001122549311e-09,0.999989609865317
1.6436914658490577e-06,1.6436914658490577e-06,0.999911240660844,1.6436914658490577e-06,8.382826475830213e-05
0.018181818181818143,0.018181818181818143,0.9272727272727274,0.018181818181818143,0.018181818181818143
0.00022151862869151012,0.9991139254852339,0.00022151862869151012,0.00022151862869151012,0.00022151862869151012
0.018181818181818094,0.018181818181818094,0.018181818181818094,0.018181818181818094,0.9272727272727275
6.444294432101177e-09,6.444294432101177e-09,6.444294432101177e-09,5.605876626837809e-06,0.99999437479049
0.9999055862192232,2.360344519424617e-05,2.360344519424617e-05,2.360344519424617e-05,2.360344519424617e-05
9.537336786791901e-05,9.537336786791901e-05,0.9996185065285285,9.537336786791901e-05,9.537336786791901e-05
0.9933884297520663,0.0016528925619834663,0.0016528925619834663,0.0016528925619834663,0.0016528925619834663
0.9986939876159043,0.0003265030960239027,0.0003265030960239027,0.0003265030960239027,0.0003265030960239027
0.0002465197942718369,0.9990139208229126,0.0002465197942718369,0.0002465197942718369,0.0002465197942718369
0.9933884297520663,0.0016528925619834663,0.0016528925619834663,0.0016528925619834663,0.0016528925619834663
0.20000000000000004,0.20000000000000004,0.20000000000000004,0.20000000000000004,0.20000000000000004
0.20000000000000004,0.20000000000000004,0.20000000000000004,0.20000000000000004,0.20000000000000004
0.0001502629601803151,0.991885800150263,0.0001502629601803151,0.007663410969196089,0.0001502629601803151
0.0015268989637246036,0.0015268989637246036,0.057614377975418046,0.9378049251334082,0.0015268989637246036
0.20000000000000004,0.20000000000000004,0.20000000000000004,0.20000000000000004,0.20000000000000004
0.00012379466194730536,0.00012379466194730536,0.9995048213522107,0.00012379466194730536,0.00012379466194730536
0.20000000000000004,0.20000000000000004,0.20000000000000004,0.20000000000000004,0.20000000000000004
0.00021910573843619702,0.00021910573843619702,0.00021910573843619702,0.9991235770462552,0.00021910573843619702
0.0025153615951600088,0.0025153615951600088,0.98993855361936,0.0025153615951600088,0.0025153615951600088
0.9993389562494525,0.00016526093763692478,0.00016526093763692478,0.00016526093763692478,0.00016526093763692478
0.20000000000000004,0.20000000000000004,0.20000000000000004,0.20000000000000004,0.20000000000000004
0.00025115537804246867,0.9992034403620695,0.00025115537804246867,0.00014712444092273945,0.00014712444092273945
0.9933884297520661,0.0016528925619834654,0.0016528925619834654,0.0016528925619834654,0.0016528925619834654
0.00047493985859879174,0.00047493985859879174,0.00047493985859879174,0.9981002405656048,0.00047493985859879174
1.0044690268336534e-05,1.0044690268336534e-05,0.9999598212389266,1.0044690268336534e-05,1.0044690268336534e-05
2.27882207960212e-05,2.27882207960212e-05,2.27882207960212e-05,0.999908847116816,2.27882207960212e-05
0.0003879399492420486,0.0003879399492420486,0.0003879399492420486,0.0003879399492420486,0.9984482402030318
1.9020361744375843e-08,1.9020361744375843e-08,1.9020361744375843e-08,0.9999999239185529,1.9020361744375843e-08
0.9971983980742022,0.000700400481449441,0.000700400481449441,0.000700400481449441,0.000700400481449441
0.00022352513152592416,0.00022352513152592416,0.00022352513152592416,0.9991058994738964,0.00022352513152592416
0.0004904648703646045,0.0004904648703646045,0.0004904648703646045,0.0004904648703646045,0.9980381405185416
0.0013931523942273527,0.0013931523942273527,0.9944273904230907,0.0013931523942273527,0.0013931523942273527
0.9272727272727275,0.018181818181818094,0.018181818181818094,0.018181818181818094,0.018181818181818094
0.018181818181818094,0.018181818181818094,0.018181818181818094,0.018181818181818094,0.9272727272727276
0.0016528925619834658,0.0016528925619834658,0.0016528925619834658,0.9933884297520661,0.0016528925619834658
0.9999835358464223,4.116038394379475e-06,4.116038394379475e-06,4.116038394379475e-06,4.116038394379475e-06
0.0002057889938631137,0.0002057889938631137,0.9991768440245474,0.0002057889938631137,0.0002057889938631137
0.20000000000000004,0.20000000000000004,0.20000000000000004,0.20000000000000004,0.20000000000000004
3.032714347687262e-06,3.032714347687262e-06,0.9999878691426091,3.032714347687262e-06,3.032714347687262e-06
0.9862126092753177,0.003446847681170644,0.003446847681170644,0.003446847681170644,0.003446847681170644
0.0016528925619834663,0.0016528925619834663,0.0016528925619834663,0.9933884297520663,0.0016528925619834663
0.06224480343566083,0.40663279484650877,0.06224480343566083,0.06224480343566083,0.40663279484650877
0.20000000000000004,0.20000000000000004,0.20000000000000004,0.20000000000000004,0.20000000000000004
0.0016528925619834663,0.0016528925619834663,0.0016528925619834663,0.9933884297520663,0.0016528925619834663
0.018181818181818143,0.018181818181818143,0.018181818181818143,0.018181818181818143,0.9272727272727274
2.514815288784153e-05,2.514815288784153e-05,2.514815288784153e-05,2.514815288784153e-05,0.9998994073884486
6.121598812017712e-06,6.121598812017712e-06,6.121598812017712e-06,0.9999755136047517,6.121598812017712e-06
0.018181818181818094,0.018181818181818094,0.018181818181818094,0.018181818181818094,0.9272727272727276
0.00012777842231313417,0.00012777842231313417,0.00012777842231313417,0.00012777842231313417,0.9994888863107476
3.1590700340741746e-05,3.1590700340741746e-05,3.1590700340741746e-05,0.999873637198637,3.1590700340741746e-05
4.737253025388669e-05,4.737253025388669e-05,0.9998105098789846,4.737253025388669e-05,4.737253025388669e-05
2.3668606524169826e-06,0.9999905325573903,2.3668606524169826e-06,2.3668606524169826e-06,2.3668606524169826e-06
0.000244861256084205,0.000244861256084205,0.999020554975663,0.000244861256084205,0.000244861256084205
0.9272727272727274,0.018181818181818143,0.018181818181818143,0.018181818181818143,0.018181818181818143
3.660155556173819e-05,3.660155556173819e-05,3.660155556173819e-05,0.9998535937777531,3.660155556173819e-05
0.9272727272727276,0.018181818181818094,0.018181818181818094,0.018181818181818094,0.018181818181818094
0.9272727272727276,0.018181818181818094,0.018181818181818094,0.018181818181818094,0.018181818181818094
0.9998657600299647,3.35599925088007e-05,3.35599925088007e-05,3.35599925088007e-05,3.35599925088007e-05
0.0009766091582892782,0.0009766091582892782,0.996093563366843,0.0009766091582892782,0.0009766091582892782
0.018181818181818094,0.018181818181818094,0.018181818181818094,0.9272727272727275,0.018181818181818094
0.018181818181818143,0.9272727272727274,0.018181818181818143,0.018181818181818143,0.018181818181818143
0.20000000000000004,0.20000000000000004,0.20000000000000004,0.20000000000000004,0.20000000000000004
0.0025422317905393114,0.0025422317905393114,0.0025422317905393114,0.9898310728378429,0.0025422317905393114
0.0014228615437357085,0.0014228615437357085,0.9943085538250571,0.0014228615437357085,0.0014228615437357085
0.20000000000000004,0.20000000000000004,0.20000000000000004,0.20000000000000004,0.20000000000000004
0.0005631817119521584,0.0005631817119521584,0.0005631817119521584,0.9977472731521912,0.0005631817119521584
0.15651396949938398,0.3054625538896488,0.15651396949938398,0.15651396949938398,0.22499553761219943
1.8794208161928965e-05,0.9999248231673522,1.8794208161928965e-05,1.8794208161928965e-05,1.8794208161928965e-05
0.003511963297471032,0.003511963297471032,0.9859521468101158,0.003511963297471032,0.003511963297471032
0.000161231003824982,0.9912935257934509,0.000161231003824982,0.000161231003824982,0.008222781195074103
0.0016138969710242626,0.0016138969710242626,0.0016138969710242626,0.9935444121159028,0.0016138969710242626
0.9964948924942901,0.0008762768764274543,0.0008762768764274543,0.0008762768764274543,0.0008762768764274543
6.85791844932852e-05,0.9997256832620268,6.85791844932852e-05,6.85791844932852e-05,6.85791844932852e-05
0.996369487405147,0.0009076281487132245,0.0009076281487132245,0.0009076281487132245,0.0009076281487132245
0.0012364065798571046,0.9950543736805716,0.0012364065798571046,0.0012364065798571046,0.0012364065798571046
0.9834140057422518,0.004146498564437026,0.004146498564437026,0.004146498564437026,0.004146498564437026
0.20000000000000004,0.20000000000000004,0.20000000000000004,0.20000000000000004,0.20000000000000004
0.17207613213729595,0.17207613213729595,0.17207613213729595,0.3116954714508164,0.17207613213729595
0.9965371297819184,0.000865717554520369,0.000865717554520369,0.000865717554520369,0.000865717554520369
0.9942361164553948,0.0014409708861513007,0.0014409708861513007,0.0014409708861513007,0.0014409708861513007
0.20000000000000004,0.20000000000000004,0.20000000000000004,0.20000000000000004,0.20000000000000004
0.99999472484607,1.3187884825417247e-06,1.3187884825417247e-06,1.3187884825417247e-06,1.3187884825417247e-06
0.0007337023170936467,0.0007337023170936467,0.0007337023170936467,0.0007337023170936467,0.9970651907316255
0.018181818181818143,0.018181818181818143,0.9272727272727274,0.018181818181818143,0.018181818181818143
0.018181818181818094,0.018181818181818094,0.018181818181818094,0.9272727272727276,0.018181818181818094
0.00029231683880721795,0.00029231683880721795,0.00029231683880721795,0.9988307326447713,0.00029231683880721795
0.9941149967975962,0.0014712508006009975,0.0014712508006009975,0.0014712508006009975,0.0014712508006009975
6.816194050234684e-06,0.999972735223799,6.816194050234684e-06,6.816194050234684e-06,6.816194050234684e-06
0.20000000000000004,0.20000000000000004,0.20000000000000004,0.20000000000000004,0.20000000000000004
0.00012138638944819653,0.00012138638944819653,0.00012138638944819653,0.9995144544422073,0.00012138638944819653
0.0009047474483941595,0.0009047474483941595,0.0009047474483941595,0.9963810102064232,0.0009047474483941595
0.20000000000000004,0.20000000000000004,0.20000000000000004,0.20000000000000004,0.20000000000000004
0.0014208051745509644,0.0014208051745509644,0.9943167793017961,0.0014208051745509644,0.0014208051745509644
0.018181818181818094,0.9272727272727276,0.018181818181818094,0.018181818181818094,0.018181818181818094
0.9936320417874526,0.0015919895531368601,0.0015919895531368601,0.0015919895531368601,0.0015919895531368601
0.9998129733843646,4.675665390883581e-05,4.675665390883581e-05,4.675665390883581e-05,4.675665390883581e-05
0.20000000000000004,0.20000000000000004,0.20000000000000004,0.20000000000000004,0.20000000000000004
0.0001677608227112581,0.0001677608227112581,0.9993289567091549,0.0001677608227112581,0.0001677608227112581
0.018181818181818143,0.018181818181818143,0.9272727272727274,0.018181818181818143,0.018181818181818143
0.0001709618003508849,0.0001709618003508849,0.9993161527985964,0.0001709618003508849,0.0001709618003508849
1.461874325752813e-05,1.461874325752813e-05,0.99994152502697,1.461874325752813e-05,1.461874325752813e-05
0.0009158473156575975,0.9963366107373697,0.0009158473156575975,0.0009158473156575975,0.0009158473156575975
0.0007851291791229843,0.0007851291791229843,0.0007851291791229843,0.0007851291791229843,0.9968594832835079
0.0011442987541024029,0.9954228049835904,0.0011442987541024029,0.0011442987541024029,0.0011442987541024029
0.018181818181818094,0.018181818181818094,0.018181818181818094,0.9272727272727275,0.018181818181818094
0.018181818181818094,0.9272727272727275,0.018181818181818094,0.018181818181818094,0.018181818181818094
1.4859753782861217e-06,1.4859753782861217e-06,0.999994056098487,1.4859753782861217e-06,1.4859753782861217e-06
0.00080110599887092,0.9967955760045164,0.00080110599887092,0.00080110599887092,0.00080110599887092
0.0005937476885874316,0.9976250092456502,0.0005937476885874316,0.0005937476885874316,0.0005937476885874316
0.018181818181818094,0.018181818181818094,0.018181818181818094,0.018181818181818094,0.9272727272727275
0.001897590765497113,0.001897590765497113,0.001897590765497113,0.001897590765497113,0.9924096369380115
0.9272727272727276,0.018181818181818094,0.018181818181818094,0.018181818181818094,0.018181818181818094
0.0005899662570672963,0.0005899662570672963,0.0005899662570672963,0.0005899662570672963,0.997640134971731
0.9993989481592788,0.00015026296018031502,0.00015026296018031502,0.00015026296018031502,0.00015026296018031502
0.018181818181818143,0.018181818181818143,0.018181818181818143,0.018181818181818143,0.9272727272727274
0.018181818181818143,0.018181818181818143,0.9272727272727274,0.018181818181818143,0.018181818181818143
0.9777559650948559,0.021008255188191653,0.0004119265723174825,0.0004119265723174825,0.0004119265723174825
0.0014382408066246344,0.0014382408066246344,0.0014382408066246344,0.0014382408066246344,0.9942470367735015
0.9933884297520663,0.0016528925619834554,0.0016528925619834554,0.0016528925619834554,0.0016528925619834554
0.9999996816585063,7.958537340471844e-08,7.958537340471844e-08,7.958537340471844e-08,7.958537340471844e-08
1.7416561550159759e-09,1.7416561550159759e-09,1.3956373910730283e-06,0.9999985991376407,1.7416561550159759e-09
0.0003153665273711752,0.0003153665273711752,0.0003153665273711752,0.9987385338905153,0.0003153665273711752
4.439145969918164e-05,4.439145969918164e-05,0.9852007193957675,0.01466610622513498,4.439145969918164e-05
0.9999859590175912,3.510245602194536e-06,3.510245602194536e-06,3.510245602194536e-06,3.510245602194536e-06
2.9316950326087414e-06,2.9316950326087414e-06,0.9999882732198697,2.9316950326087414e-06,2.9316950326087414e-06
0.9999764818327681,5.879541807939635e-06,5.879541807939635e-06,5.879541807939635e-06,5.879541807939635e-06
2.3864179788429987e-05,2.3864179788429987e-05,2.3864179788429987e-05,2.3864179788429987e-05,0.9999045432808461
0.018181818181818094,0.018181818181818094,0.9272727272727275,0.018181818181818094,0.018181818181818094
0.0007400354260024256,3.8949099391222593e-07,3.8949099391222593e-07,3.8949099391222593e-07,0.9992587961010158
0.20000000000000004,0.20000000000000004,0.20000000000000004,0.20000000000000004,0.20000000000000004
0.018181818181818143,0.018181818181818143,0.018181818181818143,0.018181818181818143,0.9272727272727274
0.0009191952627468441,0.9963232189490125,0.0009191952627468441,0.0009191952627468441,0.0009191952627468441
0.999868489698904,3.287757527399122e-05,3.287757527399122e-05,3.287757527399122e-05,3.287757527399122e-05
0.0034832864470365635,0.0034832864470365635,0.0034832864470365635,0.9860668542118537,0.0034832864470365635
0.00039185692958106625,0.9984325722816758,0.00039185692958106625,0.00039185692958106625,0.00039185692958106625
0.9933884297520663,0.0016528925619834554,0.0016528925619834554,0.0016528925619834554,0.0016528925619834554
0.9272727272727274,0.018181818181818143,0.018181818181818143,0.018181818181818143,0.018181818181818143
0.0003696126057967497,0.0003696126057967497,0.0003696126057967497,0.0003696126057967497,0.998521549576813
0.0020566993138172746,0.0020566993138172746,0.9917732027447309,0.0020566993138172746,0.0020566993138172746
0.0016528925619834663,0.0016528925619834663,0.9933884297520663,0.0016528925619834663,0.0016528925619834663
4.25004511826938e-07,4.25004511826938e-07,4.25004511826938e-07,0.9999770497563611,2.1675230103173886e-05
0.9999220451614639,1.4436081210393821e-06,7.362401417300863e-05,1.4436081210393821e-06,1.4436081210393821e-06
0.20000000000000004,0.20000000000000004,0.20000000000000004,0.20000000000000004,0.20000000000000004
0.9949769302522694,0.0012557674369326755,0.0012557674369326755,0.0012557674369326755,0.0012557674369326755
0.0016528925619834554,0.0016528925619834554,0.0016528925619834554,0.9933884297520663,0.0016528925619834554
0.00015026296018031502,0.00015026296018031502,0.00015026296018031502,0.9993989481592788,0.00015026296018031502
0.21010151063852528,0.12911613296875069,0.12911613296875069,0.21010151063852528,0.3215647127854479
0.004023730021872022,0.004023730021872022,0.004023730021872022,0.004023730021872022,0.9839050799125122
5.39631896262521e-06,5.39631896262521e-06,5.39631896262521e-06,0.9999784147241496,5.39631896262521e-06
0.004789433295022193,0.004789433295022193,0.9808422668199113,0.004789433295022193,0.004789433295022193
0.0005549868090693682,0.0005549868090693682,0.9977800527637226,0.0005549868090693682,0.0005549868090693682
0.0013906380969343046,0.0013906380969343046,0.0013906380969343046,0.0013906380969343046,0.9944374476122628
0.0024416856526093796,0.9902332573895626,0.0024416856526093796,0.0024416856526093796,0.0024416856526093796
0.20000000000000004,0.20000000000000004,0.20000000000000004,0.20000000000000004,0.20000000000000004
0.00012686565469046863,0.00012686565469046863,0.00012686565469046863,0.9994925373812383,0.00012686565469046863
0.06022299711671477,0.3844456312031866,0.06022299711671477,0.06022299711671477,0.4348853774466691
0.0016032391269570742,0.0016032391269570742,0.0016032391269570742,0.0016032391269570742,0.9935870434921715
1.4444326751918853e-06,1.4444326751918853e-06,0.999994222269299,1.4444326751918853e-06,1.4444326751918853e-06
0.0001366146746461025,0.0001366146746461025,0.0001366146746461025,0.9994535413014155,0.0001366146746461025
0.00011893624231340122,0.00011893624231340122,0.00011893624231340122,0.00011893624231340122,0.9995242550307465
0.0016528925619834663,0.0016528925619834663,0.9933884297520663,0.0016528925619834663,0.0016528925619834663
0.20000000000000004,0.20000000000000004,0.20000000000000004,0.20000000000000004,0.20000000000000004
2.2559906772320918e-05,2.2559906772320918e-05,0.9999097603729108,2.2559906772320918e-05,2.2559906772320918e-05
0.00011357320436433956,0.00011357320436433956,0.00011357320436433956,0.00011357320436433956,0.9995457071825427
0.07565724196005683,0.07565724196005683,0.07565724196005683,0.3865141370599147,0.3865141370599147
4.43669353274077e-07,4.43669353274077e-07,4.43669353274077e-07,4.43669353274077e-07,0.999998225322587
0.0016528925619834658,0.0016528925619834658,0.9933884297520661,0.0016528925619834658,0.0016528925619834658
0.0001421349689989856,0.9994314601240042,0.0001421349689989856,0.0001421349689989856,0.0001421349689989856
0.20000000000000004,0.20000000000000004,0.20000000000000004,0.20000000000000004,0.20000000000000004
0.0005549868090693682,0.0005549868090693682,0.9977800527637226,0.0005549868090693682,0.0005549868090693682
1.5873142175712855e-05,1.5873142175712855e-05,1.5873142175712855e-05,0.999936507431297,1.5873142175712855e-05
1.0819835986947503e-05,1.0819835986947503e-05,1.0819835986947503e-05,0.9999567206560522,1.0819835986947503e-05
0.20000000000000004,0.20000000000000004,0.20000000000000004,0.20000000000000004,0.20000000000000004
0.20000000000000004,0.20000000000000004,0.20000000000000004,0.20000000000000004,0.20000000000000004
0.00015026296018031505,0.00015026296018031505,0.00015026296018031505,0.00015026296018031505,0.9993989481592789
0.0016528925619834658,0.0016528925619834658,0.0016528925619834658,0.0016528925619834658,0.9933884297520661
0.0023852639853643304,0.9904589440585425,0.0023852639853643304,0.0023852639853643304,0.0023852639853643304
0.0004079212801396703,0.9983683148794412,0.0004079212801396703,0.0004079212801396703,0.0004079212801396703
0.00015026296018031505,0.00015026296018031505,0.9993989481592789,0.00015026296018031505,0.00015026296018031505
0.0002561134292177065,0.4932129941257308,0.0002561134292177065,0.506018665586616,0.0002561134292177065
0.7587029019261963,0.21684598784434853,0.00815037007648504,0.00815037007648504,0.00815037007648504
0.20000000000000004,0.20000000000000004,0.20000000000000004,0.20000000000000004,0.20000000000000004
0.0011442987541024029,0.0011442987541024029,0.0011442987541024029,0.9954228049835904,0.0011442987541024029
0.000740795782796939,0.9970368168688122,0.000740795782796939,0.000740795782796939,0.000740795782796939
0.00043547898639040625,0.00043547898639040625,0.00043547898639040625,0.9982580840544382,0.00043547898639040625
0.9999878446052358,3.038848691072716e-06,3.038848691072716e-06,3.038848691072716e-06,3.038848691072716e-06
0.0024127633403253123,0.9903489466386988,0.0024127633403253123,0.0024127633403253123,0.0024127633403253123
0.9999935296257275,1.617593568134302e-06,1.617593568134302e-06,1.617593568134302e-06,1.617593568134302e-06
2.889474340903511e-06,2.889474340903511e-06,2.889474340903511e-06,0.9999884421026364,2.889474340903511e-06
0.018181818181818094,0.018181818181818094,0.018181818181818094,0.9272727272727275,0.018181818181818094
0.0009212319271622591,0.0009212319271622591,0.0009212319271622591,0.0009212319271622591,0.996315072291351
1.677571739512985e-05,1.677571739512985e-05,0.9999328971304194,1.677571739512985e-05,1.677571739512985e-05
0.0005776159748653237,0.0005776159748653237,0.9976895361005387,0.0005776159748653237,0.0005776159748653237
0.9272727272727274,0.018181818181818143,0.018181818181818143,0.018181818181818143,0.018181818181818143
0.0008116048502654433,0.0008116048502654433,0.9967535805989383,0.0008116048502654433,0.0008116048502654433
0.20000000000000004,0.20000000000000004,0.20000000000000004,0.20000000000000004,0.20000000000000004
0.9990126980769741,9.297972921456715e-07,0.000984512531149408,9.297972921456715e-07,9.297972921456715e-07
0.0011442987541024029,0.0011442987541024029,0.9954228049835904,0.0011442987541024029,0.0011442987541024029
0.0016528925619834663,0.0016528925619834663,0.0016528925619834663,0.9933884297520663,0.0016528925619834663
0.20000000000000004,0.20000000000000004,0.20000000000000004,0.20000000000000004,0.20000000000000004
1.3012336417726804e-08,0.9999999479506542,1.3012336417726804e-08,1.3012336417726804e-08,1.3012336417726804e-08
0.018181818181818143,0.018181818181818143,0.018181818181818143,0.9272727272727274,0.018181818181818143
0.999999524848265,1.1878793374572448e-07,1.1878793374572448e-07,1.1878793374572448e-07,1.1878793374572448e-07
0.013552553008496606,2.2270311383838577e-05,9.836251420574727e-05,2.2270311383838577e-05,0.98630454385453
1.0945388025997648e-06,0.9999956218447897,1.0945388025997648e-06,1.0945388025997648e-06,1.0945388025997648e-06
0.9380725343646097,0.0033818425467876754,0.0033818425467876754,0.05178193799502734,0.0033818425467876754
0.9993989481592788,0.00015026296018031502,0.00015026296018031502,0.00015026296018031502,0.00015026296018031502
0.9933884297520663,0.0016528925619834663,0.0016528925619834663,0.0016528925619834663,0.0016528925619834663
0.018181818181818143,0.018181818181818143,0.018181818181818143,0.9272727272727274,0.018181818181818143
