0.00027443046217535727,0.00027443046217535727,0.9989022781512986,0.00027443046217535727,0.00027443046217535727
7.158993230534064e-05,7.158993230534064e-05,7.158993230534064e-05,0.9997136402707786,7.158993230534064e-05
0.00012075557929595012,0.999516977682816,0.00012075557929595012,0.00012075557929595012,0.00012075557929595012
0.0013233530738090823,0.9947065877047636,0.0013233530738090823,0.0013233530738090823,0.0013233530738090823
0.14340366975989557,0.19056727829331593,0.21414908256002613,0.19056727829331593,0.2613126910934465
4.441801215756695e-05,0.9998223279513697,4.441801215756695e-05,4.441801215756695e-05,4.441801215756695e-05
0.0844627561901949,0.3733058657147077,0.18074379269836585,0.0844627561901949,0.27702482920653676
0.0002831115206360673,0.0002831115206360673,0.9988675539174557,0.0002831115206360673,0.0002831115206360673
0.06715562749600999,0.20948888375028502,0.35182214000456,0.20948888375028502,0.16204446499886002
0.9877987448598661,0.003050313785033473,0.003050313785033473,0.003050313785033473,0.003050313785033473
0.9989964839225829,0.0002508790193542368,0.0002508790193542368,0.0002508790193542368,0.0002508790193542368
0.0001579258023521442,0.0001579258023521442,0.0001579258023521442,0.0001579258023521442,0.9993682967905916
0.00036841541812008394,0.00036841541812008394,0.00036841541812008394,0.9985263383275197,0.00036841541812008394
5.468117682458208e-05,5.468117682458208e-05,0.9997812752927016,5.468117682458208e-05,5.468117682458208e-05
0.0002793701713292308,0.9988825193146832,0.0002793701713292308,0.0002793701713292308,0.0002793701713292308
0.9990763280236983,0.0002309179940754062,0.0002309179940754062,0.0002309179940754062,0.0002309179940754062
0.00025070536771134634,0.9989971785291546,0.00025070536771134634,0.00025070536771134634,0.00025070536771134634
0.00030062148189480265,0.00030062148189480265,0.00030062148189480265,0.00030062148189480265,0.9987975140724208
0.0004840126118748608,0.9980639495525006,0.0004840126118748608,0.0004840126118748608,0.0004840126118748608
0.0004956204241629751,0.9980175183033482,0.0004956204241629751,0.0004956204241629751,0.0004956204241629751
0.02456537970321479,0.35350529275968706,0.02456537970321479,0.13421201738870556,0.4631519304451778
0.0005337021091539311,0.0005337021091539311,0.0005337021091539311,0.0005337021091539311,0.9978651915633844
0.0005186694103565131,0.9979253223585739,0.0005186694103565131,0.0005186694103565131,0.0005186694103565131
0.9988465858530383,0.0002883535367404345,0.0002883535367404345,0.0002883535367404345,0.0002883535367404345
0.18381429472629435,0.3456713474633512,0.18381429472629435,0.1028857683577659,0.18381429472629435
8.341219424491142e-05,8.341219424491142e-05,8.341219424491142e-05,0.9996663512230204,8.341219424491142e-05
3.555548898579388e-05,3.555548898579388e-05,3.555548898579388e-05,3.555548898579388e-05,0.9998577780440568
0.9998615461689389,3.461345776529914e-05,3.461345776529914e-05,3.461345776529914e-05,3.461345776529914e-05
0.00014120535153072113,0.00014120535153072113,0.9994351785938771,0.00014120535153072113,0.00014120535153072113
8.678226788530013e-05,8.678226788530013e-05,0.9996528709284587,8.678226788530013e-05,8.678226788530013e-05
0.0006439877287233678,0.9974240490851066,0.0006439877287233678,0.0006439877287233678,0.0006439877287233678
0.0006239283764988973,0.9975042864940045,0.0006239283764988973,0.0006239283764988973,0.0006239283764988973
0.000583545195141664,0.000583545195141664,0.000583545195141664,0.9976658192194334,0.000583545195141664
0.00035089388577329815,0.9985964244569069,0.00035089388577329815,0.00035089388577329815,0.00035089388577329815
0.00039877613088371564,0.00039877613088371564,0.00039877613088371564,0.9984048954764652,0.00039877613088371564
0.0002521721918054256,0.0002521721918054256,0.9989913112327783,0.0002521721918054256,0.0002521721918054256
0.021018464718940415,0.021018464718940415,0.6602382335798674,0.021018464718940415,0.27670637226331124
0.2,0.02243759184789767,0.5551248163042046,0.2,0.02243759184789767
0.9998247705717297,4.38073570675911e-05,4.38073570675911e-05,4.38073570675911e-05,4.38073570675911e-05
0.00010891232333832663,0.00010891232333832663,0.00010891232333832663,0.00010891232333832663,0.9995643507066468
0.00015237409926711817,0.00015237409926711817,0.00015237409926711817,0.9993905036029316,0.00015237409926711817
0.00010423185896856832,0.00010423185896856832,0.9995830725641257,0.00010423185896856832,0.00010423185896856832
0.9991575197837043,0.0002106200540738923,0.0002106200540738923,0.0002106200540738923,0.0002106200540738923
0.0002689313004050154,0.0002689313004050154,0.0002689313004050154,0.0002689313004050154,0.99892427479838
0.00015060386722606477,0.00015060386722606477,0.00015060386722606477,0.9993975845310957,0.00015060386722606477
0.0009451373270489542,0.9962194506918042,0.0009451373270489542,0.0009451373270489542,0.0009451373270489542
0.045571800733349876,0.045571800733349876,0.560332464955517,0.045571800733349876,0.30295213284443345
0.0002115797491609926,0.0002115797491609926,0.0002115797491609926,0.0002115797491609926,0.999153681003356
0.0001287656581236834,0.0001287656581236834,0.0001287656581236834,0.0001287656581236834,0.9994849373675053
0.9977483862403121,0.0005629034399219691,0.0005629034399219691,0.0005629034399219691,0.0005629034399219691
0.002119344855280643,0.002119344855280643,0.9915226205788774,0.002119344855280643,0.002119344855280643
0.00012944515637798972,0.00012944515637798972,0.00012944515637798972,0.00012944515637798972,0.999482219374488
4.7685334136225546e-05,0.9998092586634549,4.7685334136225546e-05,4.7685334136225546e-05,4.7685334136225546e-05
0.00023942657433057935,0.00023942657433057935,0.00023942657433057935,0.00023942657433057935,0.9990422937026777
0.9992918616776513,0.0001770345805871615,0.0001770345805871615,0.0001770345805871615,0.0001770345805871615
0.9431153217472493,0.014221169563187665,0.014221169563187665,0.014221169563187665,0.014221169563187665
9.508131192010392e-05,9.508131192010392e-05,9.508131192010392e-05,9.508131192010392e-05,0.9996196747523196
0.999372769661663,0.0001568075845842403,0.0001568075845842403,0.0001568075845842403,0.0001568075845842403
0.010171152993792976,0.010171152993792976,0.9593153880248281,0.010171152993792976,0.010171152993792976
0.4591816052901434,0.027212263139904387,0.4591816052901434,0.027212263139904387,0.027212263139904387
0.00011579821101747535,0.9995368071559302,0.00011579821101747535,0.00011579821101747535,0.00011579821101747535
0.9712611083271042,0.007184722918223966,0.007184722918223966,0.007184722918223966,0.007184722918223966
0.00029047026206815453,0.00029047026206815453,0.00029047026206815453,0.9988381189517275,0.00029047026206815453
0.10128385702776589,0.8910130008056387,0.0025677140555317828,0.0025677140555317828,0.0025677140555317828
0.9990391650508842,0.00024020873727896976,0.00024020873727896976,0.00024020873727896976,0.00024020873727896976
0.24458005758080686,0.09597986564478403,0.31888015354881827,0.09597986564478403,0.24458005758080686
0.7575297227945261,0.17065633037923547,0.02393798227541278,0.005598188762434943,0.04227777578839061
0.0001232600692160851,0.0001232600692160851,0.0001232600692160851,0.0001232600692160851,0.9995069597231356
0.9989757029682274,0.00025607425794314976,0.00025607425794314976,0.00025607425794314976,0.00025607425794314976
6.106924987759325e-05,0.9997557230004895,6.106924987759325e-05,6.106924987759325e-05,6.106924987759325e-05
0.00025337495045054,0.00025337495045054,0.00025337495045054,0.9989865001981979,0.00025337495045054
0.9997205362263213,6.986594341967467e-05,6.986594341967467e-05,6.986594341967467e-05,6.986594341967467e-05
0.2954418436693609,0.23579069137601033,0.11648838678930921,0.17613953908265978,0.17613953908265978
0.00019440577190831963,0.00019440577190831963,0.9992223769123666,0.00019440577190831963,0.00019440577190831963
7.091251757960598e-05,7.091251757960598e-05,7.091251757960598e-05,0.9997163499296815,7.091251757960598e-05
0.0003804045007667789,0.9984783819969331,0.0003804045007667789,0.0003804045007667789,0.0003804045007667789
0.0002291074166173866,0.0002291074166173866,0.0002291074166173866,0.0002291074166173866,0.9990835703335305
0.0004340525883885016,0.0004340525883885016,0.0004340525883885016,0.0004340525883885016,0.9982637896464459
0.9997380342041385,6.549144896538481e-05,6.549144896538481e-05,6.549144896538481e-05,6.549144896538481e-05
0.0010356724882695093,0.0010356724882695093,0.0010356724882695093,0.0010356724882695093,0.9958573100469219
0.9992946815584841,0.0001763296103789771,0.0001763296103789771,0.0001763296103789771,0.0001763296103789771
0.00029242361948212227,0.00029242361948212227,0.00029242361948212227,0.00029242361948212227,0.9988303055220714
0.00024762344602825826,0.00024762344602825826,0.00024762344602825826,0.999009506215887,0.00024762344602825826
0.00020166678067829114,0.00020166678067829114,0.00020166678067829114,0.00020166678067829114,0.9991933328772868
5.786768202025503e-05,0.999768529271919,5.786768202025503e-05,5.786768202025503e-05,5.786768202025503e-05
0.0002135821733735774,0.9991456713065057,0.0002135821733735774,0.0002135821733735774,0.0002135821733735774
0.00014130277770873996,0.00014130277770873996,0.9994347888891651,0.00014130277770873996,0.00014130277770873996
3.246248941586621e-05,0.9998701500423366,3.246248941586621e-05,3.246248941586621e-05,3.246248941586621e-05
0.14298309941721096,0.2,0.25701690058278903,0.2,0.2
0.23835231666956264,0.18356329285590176,0.21095780476273218,0.21095780476273218,0.1561687809490713
0.001492133819990614,0.001492133819990614,0.06352584200124355,0.9319977565387847,0.001492133819990614
0.00038783178137396417,0.00038783178137396417,0.00038783178137396417,0.00038783178137396417,0.9984486728745042
0.0010476104798886334,0.0010476104798886334,0.9958095580804456,0.0010476104798886334,0.0010476104798886334
0.00011449445368264117,0.9995420221852694,0.00011449445368264117,0.00011449445368264117,0.00011449445368264117
0.9995847298703926,0.00010381753240184574,0.00010381753240184574,0.00010381753240184574,0.00010381753240184574
7.081991623593295e-05,7.081991623593295e-05,7.081991623593295e-05,0.9997167203350562,7.081991623593295e-05
0.000199646144850343,0.000199646144850343,0.9992014154205986,0.000199646144850343,0.000199646144850343
8.204352042117442e-05,0.9996718259183154,8.204352042117442e-05,8.204352042117442e-05,8.204352042117442e-05
0.00039873875507926267,0.00039873875507926267,0.00039873875507926267,0.00039873875507926267,0.9984050449796831
0.0008497288160774167,0.0008497288160774167,0.0008497288160774167,0.0008497288160774167,0.9966010847356902
0.00048031593887863633,0.00048031593887863633,0.9980787362444854,0.00048031593887863633,0.00048031593887863633
0.9998608385977444,3.4790350563902896e-05,3.4790350563902896e-05,3.4790350563902896e-05,3.4790350563902896e-05
7.113071498855116e-05,7.113071498855116e-05,7.113071498855116e-05,7.113071498855116e-05,0.9997154771400457
0.9991460033291634,0.00021349916770914548,0.00021349916770914548,0.00021349916770914548,0.00021349916770914548
0.15160270054724925,0.3935891978110031,0.030609451915372305,0.030609451915372305,0.3935891978110031
0.00010739496463539284,0.00010739496463539284,0.9995704201414584,0.00010739496463539284,0.00010739496463539284
0.13148247043696887,0.3027762943445467,0.1885804117394948,0.1885804117394948,0.1885804117394948
0.0009396848679200109,0.0009396848679200109,0.0009396848679200109,0.0009396848679200109,0.9962412605283201
0.0002516363100422757,0.0002516363100422757,0.0002516363100422757,0.0002516363100422757,0.9989934547598309
0.0002948255254372935,0.0002948255254372935,0.9988206978982509,0.0002948255254372935,0.0002948255254372935
0.0002878142585730958,0.0002878142585730958,0.0002878142585730958,0.9988487429657076,0.0002878142585730958
6.871199188235154e-05,6.871199188235154e-05,6.871199188235154e-05,0.9997251520324707,6.871199188235154e-05
0.008918351433480335,0.008918351433480335,0.9112483585531566,0.008918351433480335,0.061996587146402465
0.4687450908304714,0.13281372729238214,0.13281372729238214,0.13281372729238214,0.13281372729238214
0.0002601013455725522,0.0002601013455725522,0.0002601013455725522,0.9989595946177099,0.0002601013455725522
0.16682138611731823,0.0009283167039092485,0.0009283167039092485,0.0009283167039092485,0.830393663770954
5.994984748347766e-05,0.999760200610066,5.994984748347766e-05,5.994984748347766e-05,5.994984748347766e-05
0.0001963754222225428,0.9992144983111099,0.0001963754222225428,0.0001963754222225428,0.0001963754222225428
0.9997570689885841,6.0732752853985784e-05,6.0732752853985784e-05,6.0732752853985784e-05,6.0732752853985784e-05
0.0002309179940754062,0.0002309179940754062,0.0002309179940754062,0.9990763280236983,0.0002309179940754062
0.0004940080344931546,0.0004940080344931546,0.0004940080344931546,0.0004940080344931546,0.9980239678620274
0.2,0.08920009545367188,0.42159980909265626,0.08920009545367188,0.2
0.00010143984020164406,0.00010143984020164406,0.00010143984020164406,0.9995942406391934,0.00010143984020164406
0.09642840332996197,0.303571596670038,0.303571596670038,0.09642840332996197,0.19999999999999998
0.9985270770654128,0.0003682307336468264,0.0003682307336468264,0.0003682307336468264,0.0003682307336468264
0.9887852819199642,0.0028036795200089494,0.0028036795200089494,0.0028036795200089494,0.0028036795200089494
0.9981905433540472,0.0004523641614882055,0.0004523641614882055,0.0004523641614882055,0.0004523641614882055
0.11508740340474988,0.34369824039196173,0.47433300438465426,0.04977002140840362,0.017111330410230493
6.26562734063231e-05,6.26562734063231e-05,6.26562734063231e-05,0.9997493749063746,6.26562734063231e-05
0.0007325544674422039,0.0007325544674422039,0.9970697821302312,0.0007325544674422039,0.0007325544674422039
0.00029881130101384407,0.9988047547959447,0.00029881130101384407,0.00029881130101384407,0.00029881130101384407
0.9952128714889797,0.001196782127755037,0.001196782127755037,0.001196782127755037,0.001196782127755037
0.9993589956372032,0.00016025109069922418,0.00016025109069922418,0.00016025109069922418,0.00016025109069922418
0.9997306044373736,6.734889065659522e-05,6.734889065659522e-05,6.734889065659522e-05,6.734889065659522e-05
0.9989177985224721,0.0002705503693819793,0.0002705503693819793,0.0002705503693819793,0.0002705503693819793
0.0001021489941112514,0.0001021489941112514,0.9995914040235551,0.0001021489941112514,0.0001021489941112514
0.0002276366582093334,0.0002276366582093334,0.9990894533671628,0.0002276366582093334,0.0002276366582093334
0.9979907639337745,0.0005023090165563813,0.0005023090165563813,0.0005023090165563813,0.0005023090165563813
9.475098310102088e-05,0.9996209960675959,9.475098310102088e-05,9.475098310102088e-05,9.475098310102088e-05
0.0001291944157133658,0.9994832223371466,0.0001291944157133658,0.0001291944157133658,0.0001291944157133658
0.33534553015966706,0.06465446984033292,0.33534553015966706,0.06465446984033292,0.2
7.384928169274302e-05,7.384928169274302e-05,7.384928169274302e-05,7.384928169274302e-05,0.9997046028732292
0.0001408031558637639,0.999436787376545,0.0001408031558637639,0.0001408031558637639,0.0001408031558637639
0.0005535972699725612,0.9977856109201098,0.0005535972699725612,0.0005535972699725612,0.0005535972699725612
0.00011703648487243362,0.00011703648487243362,0.00011703648487243362,0.00011703648487243362,0.9995318540605103
0.00014120535153072113,0.00014120535153072113,0.00014120535153072113,0.9994351785938771,0.00014120535153072113
0.9991797624967126,0.00020505937582186712,0.00020505937582186712,0.00020505937582186712,0.00020505937582186712
0.00041054873636298854,0.9983578050545482,0.00041054873636298854,0.00041054873636298854,0.00041054873636298854
0.0003164252085943363,0.0003164252085943363,0.0003164252085943363,0.9987342991656227,0.0003164252085943363
8.92965005905517e-05,8.92965005905517e-05,8.92965005905517e-05,0.9996428139976378,8.92965005905517e-05
0.00023997936502962407,0.00023997936502962407,0.00023997936502962407,0.00023997936502962407,0.9990400825398815
0.9995580270342691,0.00011049324143271677,0.00011049324143271677,0.00011049324143271677,0.00011049324143271677
0.0003078595945991861,0.9987685616216033,0.0003078595945991861,0.0003078595945991861,0.0003078595945991861
0.00019067252092034532,0.00019067252092034532,0.00019067252092034532,0.9992373099163185,0.00019067252092034532
0.9980304412801306,0.0004923896799673451,0.0004923896799673451,0.0004923896799673451,0.0004923896799673451
0.054705928837544784,0.1584874082392985,0.4698318464445597,0.1584874082392985,0.1584874082392985
0.11497375068221038,0.4125656232944741,0.24251312465889485,0.11497375068221038,0.11497375068221038
0.00016445330175765023,0.00016445330175765023,0.00016445330175765023,0.00016445330175765023,0.9993421867929694
0.9974903035734654,0.0006274241066336841,0.0006274241066336841,0.0006274241066336841,0.0006274241066336841
0.00023207735824267215,0.9990716905670293,0.00023207735824267215,0.00023207735824267215,0.00023207735824267215
0.0011990112303562068,0.0011990112303562068,0.0011990112303562068,0.9952039550785751,0.0011990112303562068
0.00017242645863878154,0.00017242645863878154,0.00017242645863878154,0.00017242645863878154,0.9993102941654449
3.234310967350007e-05,3.234310967350007e-05,0.999870627561306,3.234310967350007e-05,3.234310967350007e-05
0.00014226935477154365,0.00014226935477154365,0.9994309225809139,0.00014226935477154365,0.00014226935477154365
0.0004689174464248772,0.0004689174464248772,0.0004689174464248772,0.0004689174464248772,0.9981243302143006
0.00014146983400244135,0.9994341206639902,0.00014146983400244135,0.00014146983400244135,0.00014146983400244135
0.0009244792601166816,0.0009244792601166816,0.0009244792601166816,0.9963020829595333,0.0009244792601166816
0.08958127053849999,0.1899619336853182,0.29034259683213637,0.2401522652587273,0.1899619336853182
0.06339861970227427,0.4536882776957764,0.25854344869902535,0.06339861970227427,0.1609710342006498
0.00015589390772237683,0.00015589390772237683,0.00015589390772237683,0.9993764243691104,0.00015589390772237683
8.20916048031071e-05,8.20916048031071e-05,0.9996716335807876,8.20916048031071e-05,8.20916048031071e-05
0.00029059733682945503,0.00029059733682945503,0.00029059733682945503,0.00029059733682945503,0.9988376106526822
0.9973354325331915,0.0006661418667021029,0.0006661418667021029,0.0006661418667021029,0.0006661418667021029
0.000977845722176779,0.9960886171112928,0.000977845722176779,0.000977845722176779,0.000977845722176779
0.9913906886880369,0.0021523278279907652,0.0021523278279907652,0.0021523278279907652,0.0021523278279907652
0.9985907152309691,0.00035232119225774055,0.00035232119225774055,0.00035232119225774055,0.00035232119225774055
0.00012167944907246335,0.00012167944907246335,0.00012167944907246335,0.99951328220371,0.00012167944907246335
0.00015568030135310949,0.00015568030135310949,0.9993772787945876,0.00015568030135310949,0.00015568030135310949
0.9987500533724171,0.0003124866568957291,0.0003124866568957291,0.0003124866568957291,0.0003124866568957291
0.000244474240765046,0.000244474240765046,0.000244474240765046,0.000244474240765046,0.9990221030369398
0.009502415924919889,0.009502415924919889,0.9619903363003205,0.009502415924919889,0.009502415924919889
0.0002811599037278689,0.0002811599037278689,0.9988753603850884,0.0002811599037278689,0.0002811599037278689
0.4097295598753834,0.016486635109039523,0.5408105347974981,0.016486635109039523,0.016486635109039523
0.2,0.0868235623380562,0.4263528753238876,0.2,0.0868235623380562
0.9995615851689168,0.00010960370777077511,0.00010960370777077511,0.00010960370777077511,0.00010960370777077511
0.00019989137406260617,0.00019989137406260617,0.00019989137406260617,0.00019989137406260617,0.9992004345037495
0.007754357371445163,0.7160277775819104,0.007754357371445163,0.26070915030375413,0.007754357371445163
0.0003964750022020957,0.0003964750022020957,0.0003964750022020957,0.9984140999911916,0.0003964750022020957
4.873146802164734e-05,4.873146802164734e-05,4.873146802164734e-05,0.9998050741279134,4.873146802164734e-05
0.00028767341997169594,0.00028767341997169594,0.9988493063201132,0.00028767341997169594,0.00028767341997169594
0.0739244127849308,0.0739244127849308,0.5588305174582738,0.025433802317596486,0.26788685465426804
0.00010628448562773372,0.00010628448562773372,0.00010628448562773372,0.00010628448562773372,0.999574862057489
0.00040623117211231285,0.00040623117211231285,0.9983750753115508,0.00040623117211231285,0.00040623117211231285
0.993498624401003,0.0016253438997492608,0.0016253438997492608,0.0016253438997492608,0.0016253438997492608
0.011292255350844934,0.011292255350844934,0.8604771062720428,0.011292255350844934,0.10564612767542247
9.03022506645989e-05,0.9996387909973417,9.03022506645989e-05,9.03022506645989e-05,9.03022506645989e-05
0.00021772130492479484,0.00021772130492479484,0.9991291147803009,0.00021772130492479484,0.00021772130492479484
0.0014711964372100938,0.0014711964372100938,0.0014711964372100938,0.9941152142511596,0.0014711964372100938
0.0014245722290122406,0.0014245722290122406,0.0014245722290122406,0.994301711083951,0.0014245722290122406
0.999286697014878,0.0001783257462804975,0.0001783257462804975,0.0001783257462804975,0.0001783257462804975
6.703303302668442e-05,0.9997318678678933,6.703303302668442e-05,6.703303302668442e-05,6.703303302668442e-05
0.00021913201032077784,0.00021913201032077784,0.00021913201032077784,0.9991234719587169,0.00021913201032077784
0.00036311217518183585,0.9985475512992726,0.00036311217518183585,0.00036311217518183585,0.00036311217518183585
6.485227457097192e-05,6.485227457097192e-05,0.9997405909017162,6.485227457097192e-05,6.485227457097192e-05
7.296697489153383e-05,0.9997081321004339,7.296697489153383e-05,7.296697489153383e-05,7.296697489153383e-05
0.00015890213564836116,0.00015890213564836116,0.00015890213564836116,0.9993643914574066,0.00015890213564836116
0.0633158992832541,0.0633158992832541,0.177219316547209,0.29112273381116394,0.4050261510751188
0.9992675467290741,0.0001831133177314753,0.0001831133177314753,0.0001831133177314753,0.0001831133177314753
7.098637758929954e-05,0.9997160544896427,7.098637758929954e-05,7.098637758929954e-05,7.098637758929954e-05
0.00011244667364347497,0.00011244667364347497,0.00011244667364347497,0.00011244667364347497,0.9995502133054263
0.9994691128193447,0.00013272179516382569,0.00013272179516382569,0.00013272179516382569,0.00013272179516382569
0.991537776992286,0.002115555751928536,0.002115555751928536,0.002115555751928536,0.002115555751928536
0.12606354999037034,0.264694393758426,0.17227383124638887,0.264694393758426,0.17227383124638887
0.00016337261639872458,0.9993465095344052,0.00016337261639872458,0.00016337261639872458,0.00016337261639872458
0.0003625278309175673,0.0003625278309175673,0.0003625278309175673,0.9985498886763298,0.0003625278309175673
0.00014888695052549128,0.00014888695052549128,0.999404452197898,0.00014888695052549128,0.00014888695052549128
0.9985227721202505,0.00036930696993735544,0.00036930696993735544,0.00036930696993735544,0.00036930696993735544
0.9977273097085432,0.0005681725728642247,0.0005681725728642247,0.0005681725728642247,0.0005681725728642247
0.9994410287237941,0.00013974281905146935,0.00013974281905146935,0.00013974281905146935,0.00013974281905146935
0.00014120535153072113,0.00014120535153072113,0.00014120535153072113,0.00014120535153072113,0.9994351785938771
0.00012224285654087328,0.00012224285654087328,0.9995110285738366,0.00012224285654087328,0.00012224285654087328
0.275383294448833,0.08692505832675046,0.18115417638779174,0.18115417638779174,0.275383294448833
0.0003192960450350144,0.0003192960450350144,0.0003192960450350144,0.9987228158198599,0.0003192960450350144
0.9982096596830556,0.00044758507923609145,0.00044758507923609145,0.00044758507923609145,0.00044758507923609145
0.0005323011231866401,0.0005323011231866401,0.0005323011231866401,0.0005323011231866401,0.9978707955072533
0.4293386768096685,0.024623364792606486,0.49679122881251214,0.024623364792606486,0.024623364792606486
0.99570271481804,0.0010743212954899912,0.0010743212954899912,0.0010743212954899912,0.0010743212954899912
0.9995095640794256,0.0001226089801435876,0.0001226089801435876,0.0001226089801435876,0.0001226089801435876
0.0001834130893141501,0.0001834130893141501,0.0001834130893141501,0.9992663476427434,0.0001834130893141501
7.272633238358877e-05,7.272633238358877e-05,0.9997090946704656,7.272633238358877e-05,7.272633238358877e-05
0.9992262227213139,0.0001934443196715133,0.0001934443196715133,0.0001934443196715133,0.0001934443196715133
0.998728410392608,0.0003178974018480048,0.0003178974018480048,0.0003178974018480048,0.0003178974018480048
0.00020432645363217022,0.9991826941854712,0.00020432645363217022,0.00020432645363217022,0.00020432645363217022
0.00019289693870811896,0.00019289693870811896,0.00019289693870811896,0.00019289693870811896,0.9992284122451676
0.00018265327336560084,0.9992693869065377,0.00018265327336560084,0.00018265327336560084,0.00018265327336560084
3.471355107789857e-05,3.471355107789857e-05,3.471355107789857e-05,3.471355107789857e-05,0.9998611457956883
0.00029435456138282595,0.00029435456138282595,0.00029435456138282595,0.00029435456138282595,0.9988225817544687
8.946971137096129e-05,0.999642121154516,8.946971137096129e-05,8.946971137096129e-05,8.946971137096129e-05
0.2530946195249711,0.07611255444173405,0.16460358698335256,0.07611255444173405,0.4300766846082082
0.0002110899983459194,0.0002110899983459194,0.0002110899983459194,0.9991556400066163,0.0002110899983459194
0.00029227083004430826,0.00029227083004430826,0.00029227083004430826,0.9988309166798228,0.00029227083004430826
0.00025932108484567873,0.00025932108484567873,0.9989627156606172,0.00025932108484567873,0.00025932108484567873
0.9996464675930462,8.838310173844713e-05,8.838310173844713e-05,8.838310173844713e-05,8.838310173844713e-05
8.37502330917871e-05,8.37502330917871e-05,0.999664999067633,8.37502330917871e-05,8.37502330917871e-05
7.13739377917586e-05,0.9997145042488329,7.13739377917586e-05,7.13739377917586e-05,7.13739377917586e-05
0.0001773784294045225,0.0001773784294045225,0.0001773784294045225,0.9992904862823818,0.0001773784294045225
0.00022223592052556342,0.00022223592052556342,0.00022223592052556342,0.00022223592052556342,0.9991110563178978
0.00021236454498618345,0.9991505418200552,0.00021236454498618345,0.00021236454498618345,0.00021236454498618345
0.9992023831395828,0.0001994042151042829,0.0001994042151042829,0.0001994042151042829,0.0001994042151042829
0.002616309053552073,0.002616309053552073,0.002616309053552073,0.002616309053552073,0.9895347637857916
0.00018879059511335287,0.9992448376195466,0.00018879059511335287,0.00018879059511335287,0.00018879059511335287
0.00014429330750036432,0.00014429330750036432,0.00014429330750036432,0.9994228267699986,0.00014429330750036432
0.00028196668712273857,0.9988721332515089,0.00028196668712273857,0.00028196668712273857,0.00028196668712273857
0.0002309179940754062,0.9990763280236983,0.0002309179940754062,0.0002309179940754062,0.0002309179940754062
0.0001493699594672677,0.0001493699594672677,0.9994025201621309,0.0001493699594672677,0.0001493699594672677
0.00027301211489312073,0.00027301211489312073,0.00027301211489312073,0.00027301211489312073,0.9989079515404274
0.3146631028732974,0.12355793141780172,0.25096137905479887,0.18725965523630028,0.12355793141780172
0.00032321113663571474,0.00032321113663571474,0.00032321113663571474,0.00032321113663571474,0.9987071554534571
0.001016135792951201,0.9959354568281952,0.001016135792951201,0.001016135792951201,0.001016135792951201
0.9937931586612513,0.0015517103346871894,0.0015517103346871894,0.0015517103346871894,0.0015517103346871894
0.16636869254618109,0.16636869254618109,0.16636869254618109,0.33452522981527577,0.16636869254618109
0.0004085486278864389,0.9983658054884543,0.0004085486278864389,0.0004085486278864389,0.0004085486278864389
0.00014087504431087303,0.00014087504431087303,0.9994364998227566,0.00014087504431087303,0.00014087504431087303
0.12579856085869276,0.12579856085869276,0.2742014391413073,0.3484028782826145,0.12579856085869276
0.9998312469860267,4.218825349336762e-05,4.218825349336762e-05,4.218825349336762e-05,4.218825349336762e-05
0.00016532228897353347,0.00016532228897353347,0.9993387108441059,0.00016532228897353347,0.00016532228897353347
0.9987359866385774,0.00031600334035562414,0.00031600334035562414,0.00031600334035562414,0.00031600334035562414
0.00010249126839214598,0.00010249126839214598,0.00010249126839214598,0.00010249126839214598,0.9995900349264315
0.0016285480840540626,0.0016285480840540626,0.0016285480840540626,0.0016285480840540626,0.9934858076637838
0.00025162101480352586,0.9989935159407859,0.00025162101480352586,0.00025162101480352586,0.00025162101480352586
0.00025332199430277725,0.00025332199430277725,0.9989867120227889,0.00025332199430277725,0.00025332199430277725
0.00018265327336560084,0.00018265327336560084,0.00018265327336560084,0.9992693869065377,0.00018265327336560084
0.00019484947737644388,0.00019484947737644388,0.9992206020904942,0.00019484947737644388,0.00019484947737644388
0.0002914288515218421,0.9988342845939127,0.0002914288515218421,0.0002914288515218421,0.0002914288515218421
8.607631321683305e-05,8.607631321683305e-05,0.9996556947471328,8.607631321683305e-05,8.607631321683305e-05
0.0002560829689359858,0.9989756681242561,0.0002560829689359858,0.0002560829689359858,0.0002560829689359858
0.00045080421661606316,0.00045080421661606316,0.9981967831335358,0.00045080421661606316,0.00045080421661606316
0.025918075715856078,0.025918075715856078,0.7222457728524319,0.025918075715856078,0.19999999999999998
0.0001860775435681797,0.0001860775435681797,0.0001860775435681797,0.9992556898257274,0.0001860775435681797
0.0002309179940754062,0.9990763280236983,0.0002309179940754062,0.0002309179940754062,0.0002309179940754062
0.03981917653749154,0.03981917653749154,0.12880852290555178,0.7517339474819735,0.03981917653749154
0.0003881465475906015,0.0003881465475906015,0.0003881465475906015,0.0003881465475906015,0.9984474138096376
0.00026798720836583334,0.9989280511665367,0.00026798720836583334,0.00026798720836583334,0.00026798720836583334
0.00011756172908693427,0.00011756172908693427,0.00011756172908693427,0.00011756172908693427,0.9995297530836523
0.0974477929165712,0.4637056753573884,0.2439509458928981,0.0974477929165712,0.0974477929165712
0.00019054174421316022,0.00019054174421316022,0.00019054174421316022,0.00019054174421316022,0.9992378330231475
0.0006772119503193173,0.0006772119503193173,0.0006772119503193173,0.9972911521987227,0.0006772119503193173
0.00028704955234040415,0.00028704955234040415,0.00028704955234040415,0.9988518017906384,0.00028704955234040415
7.594542261203134e-05,0.9996962183095519,7.594542261203134e-05,7.594542261203134e-05,7.594542261203134e-05
9.785138121478857e-05,9.785138121478857e-05,9.785138121478857e-05,0.9996085944751408,9.785138121478857e-05
0.00043937208902709743,0.00043937208902709743,0.00043937208902709743,0.00043937208902709743,0.9982425116438917
0.00018948789048010652,0.00018948789048010652,0.00018948789048010652,0.9992420484380795,0.00018948789048010652
0.00018265327336560084,0.00018265327336560084,0.00018265327336560084,0.9992693869065377,0.00018265327336560084
5.09956162175931e-05,5.09956162175931e-05,5.09956162175931e-05,5.09956162175931e-05,0.9997960175351296
9.937920281565233e-05,9.937920281565233e-05,9.937920281565233e-05,9.937920281565233e-05,0.9996024831887375
0.0001658589648177274,0.0001658589648177274,0.0001658589648177274,0.9993365641407291,0.0001658589648177274
0.0002549258672495927,0.0002549258672495927,0.0002549258672495927,0.9989802965310017,0.0002549258672495927
0.0001575525639596338,0.9993697897441615,0.0001575525639596338,0.0001575525639596338,0.0001575525639596338
0.34276428305141093,0.10482381129905939,0.26345079246729375,0.10482381129905939,0.18413730188317656
0.00025202522818537333,0.00025202522818537333,0.9989918990872585,0.00025202522818537333,0.00025202522818537333
5.84708395602411e-05,5.84708395602411e-05,5.84708395602411e-05,5.84708395602411e-05,0.9997661166417591
0.0004054309489266985,0.9983782762042932,0.0004054309489266985,0.0004054309489266985,0.0004054309489266985
0.9996851027352601,7.872431618496517e-05,7.872431618496517e-05,7.872431618496517e-05,7.872431618496517e-05
0.00017723625099881892,0.00017723625099881892,0.9992910549960047,0.00017723625099881892,0.00017723625099881892
0.00019022931090147263,0.00019022931090147263,0.00019022931090147263,0.00019022931090147263,0.9992390827563941
0.00018265327336560084,0.00018265327336560084,0.00018265327336560084,0.9992693869065377,0.00018265327336560084
0.0002512425974907332,0.998995029610037,0.0002512425974907332,0.0002512425974907332,0.0002512425974907332
0.19450022474711712,0.19450022474711712,0.19450022474711712,0.19450022474711712,0.22199910101153167
0.00019235155485672388,0.00019235155485672388,0.00019235155485672388,0.00019235155485672388,0.999230593780573
0.17541506703467094,0.052490402208025616,0.4212643966879616,0.052490402208025616,0.2983397318613163
8.947725672109016e-05,0.9996420909731156,8.947725672109016e-05,8.947725672109016e-05,8.947725672109016e-05
0.00016707570126239804,0.9993316971949502,0.00016707570126239804,0.00016707570126239804,0.00016707570126239804
0.00017627014701084495,0.9992949194119565,0.00017627014701084495,0.00017627014701084495,0.00017627014701084495
0.0002678232332516468,0.0002678232332516468,0.9989287070669933,0.0002678232332516468,0.0002678232332516468
0.00012188477654396764,0.00012188477654396764,0.00012188477654396764,0.9995124608938241,0.00012188477654396764
4.08143852536131e-05,4.08143852536131e-05,4.08143852536131e-05,4.08143852536131e-05,0.9998367424589855
0.9958694642508098,0.001032633937297526,0.001032633937297526,0.001032633937297526,0.001032633937297526
0.8741129088229578,0.004289800664302563,0.11301768918413449,0.004289800664302563,0.004289800664302563
0.9951831929976757,0.0012042017505811003,0.0012042017505811003,0.0012042017505811003,0.0012042017505811003
0.00023991310931133455,0.00023991310931133455,0.00023991310931133455,0.00023991310931133455,0.9990403475627547
0.00024061531957296928,0.9990375387217081,0.00024061531957296928,0.00024061531957296928,0.00024061531957296928
0.999509517848326,0.00012262053791849126,0.00012262053791849126,0.00012262053791849126,0.00012262053791849126
0.0004701171215671445,0.0004701171215671445,0.0004701171215671445,0.9981195315137315,0.0004701171215671445
0.9994085335123173,0.00014786662192070417,0.00014786662192070417,0.00014786662192070417,0.00014786662192070417
0.0002675653387117956,0.0002675653387117956,0.0002675653387117956,0.0002675653387117956,0.9989297386451528
0.0005474368604486004,0.0005474368604486004,0.0005474368604486004,0.0005474368604486004,0.9978102525582055
0.00010387568307897449,0.9995844972676841,0.00010387568307897449,0.00010387568307897449,0.00010387568307897449
0.00033789027206507954,0.00033789027206507954,0.00033789027206507954,0.9986484389117397,0.00033789027206507954
5.703856757464616e-05,0.9997718457297015,5.703856757464616e-05,5.703856757464616e-05,5.703856757464616e-05
0.0001621826859803595,0.0001621826859803595,0.0001621826859803595,0.0001621826859803595,0.9993512692560785
0.0002527529355096616,0.0002527529355096616,0.0002527529355096616,0.9989889882579613,0.0002527529355096616
0.0004725210572155265,0.49929121841417673,0.0004725210572155265,0.49929121841417673,0.0004725210572155265
8.211072581501906e-05,0.9996715570967399,8.211072581501906e-05,8.211072581501906e-05,8.211072581501906e-05
0.00018654205769290863,0.00018654205769290863,0.9992538317692283,0.00018654205769290863,0.00018654205769290863
6.902904660643039e-05,6.902904660643039e-05,0.9997238838135744,6.902904660643039e-05,6.902904660643039e-05
0.9976410558672876,0.0005897360331781398,0.0005897360331781398,0.0005897360331781398,0.0005897360331781398
0.00017272793645125388,0.00017272793645125388,0.999309088254195,0.00017272793645125388,0.00017272793645125388
0.00016912890348471716,0.00016912890348471716,0.00016912890348471716,0.999323484386061,0.00016912890348471716
0.00014022080922748727,0.00014022080922748727,0.00014022080922748727,0.9994391167630902,0.00014022080922748727
0.00036085154397017796,0.00036085154397017796,0.9985565938241193,0.00036085154397017796,0.00036085154397017796
0.0007636188991601527,0.0007636188991601527,0.19999999999999996,0.0007636188991601527,0.7977091433025194
0.00018265327336560084,0.00018265327336560084,0.00018265327336560084,0.00018265327336560084,0.9992693869065377
0.0005262998963476262,0.0005262998963476262,0.0005262998963476262,0.9978948004146097,0.0005262998963476262
7.491810000285534e-05,7.491810000285534e-05,7.491810000285534e-05,7.491810000285534e-05,0.9997003275999886
0.0002843561408830241,0.0002843561408830241,0.0002843561408830241,0.9988625754364678,0.0002843561408830241
0.0003056764548649496,0.0003056764548649496,0.9987772941805403,0.0003056764548649496,0.0003056764548649496
0.00016386160636598185,0.00016386160636598185,0.9993445535745361,0.00016386160636598185,0.00016386160636598185
0.0017159656188918914,0.0017159656188918914,0.0017159656188918914,0.9931361375244324,0.0017159656188918914
0.00023997936502962407,0.00023997936502962407,0.9990400825398815,0.00023997936502962407,0.00023997936502962407
0.24030755061137696,0.038769797554492245,0.038769797554492245,0.038769797554492245,0.6433830567251463
0.0002309179940754062,0.0002309179940754062,0.9990763280236983,0.0002309179940754062,0.0002309179940754062
0.000230802283244027,0.000230802283244027,0.999076790867024,0.000230802283244027,0.000230802283244027
0.000285336666074273,0.000285336666074273,0.9988586533357029,0.000285336666074273,0.000285336666074273
0.998847743175713,0.00028806420607172906,0.00028806420607172906,0.00028806420607172906,0.00028806420607172906
9.433092376751986e-05,0.99962267630493,9.433092376751986e-05,9.433092376751986e-05,9.433092376751986e-05
0.18605677771810872,0.18605677771810872,0.2557728891275652,0.11634066630865224,0.2557728891275652
0.00022714889673903127,0.9990914044130439,0.00022714889673903127,0.00022714889673903127,0.00022714889673903127
0.17866595901879812,0.28533616392480743,0.28533616392480743,0.07199575411278883,0.17866595901879812
0.0002847593546011613,0.0002847593546011613,0.9988609625815953,0.0002847593546011613,0.0002847593546011613
0.3059834759226585,0.09401652407734153,0.2,0.3059834759226585,0.09401652407734153
0.2707624398321977,0.005403290461456331,0.005403290461456331,0.005403290461456331,0.7130276887834334
0.00010153956592460699,0.00010153956592460699,0.00010153956592460699,0.9995938417363015,0.00010153956592460699
0.00012353793010447709,0.999505848279582,0.00012353793010447709,0.00012353793010447709,0.00012353793010447709
0.9993680314484598,0.00015799213788507185,0.00015799213788507185,0.00015799213788507185,0.00015799213788507185
0.00018516020889159672,0.00018516020889159672,0.00018516020889159672,0.00018516020889159672,0.9992593591644336
0.00020715601870106317,0.9991713759251957,0.00020715601870106317,0.00020715601870106317,0.00020715601870106317
0.0005283907795472667,0.0005283907795472667,0.0005283907795472667,0.997886436881811,0.0005283907795472667
0.0001800088096548623,0.0001800088096548623,0.9992799647613806,0.0001800088096548623,0.0001800088096548623
0.000953085961466951,0.000953085961466951,0.000953085961466951,0.9961876561541323,0.000953085961466951
0.00012363141999710182,0.00012363141999710182,0.9995054743200115,0.00012363141999710182,0.00012363141999710182
0.0005500729618132972,0.0005500729618132972,0.0005500729618132972,0.0005500729618132972,0.9977997081527469
5.3560619760707587e-05,5.3560619760707587e-05,5.3560619760707587e-05,0.9997857575209571,5.3560619760707587e-05
6.363373350753126e-05,6.363373350753126e-05,6.363373350753126e-05,6.363373350753126e-05,0.99974546506597
0.00012509776586239733,0.00012509776586239733,0.9994996089365504,0.00012509776586239733,0.00012509776586239733
0.233994185175236,0.14900872223714598,0.233994185175236,0.19150145370619098,0.19150145370619098
