0.018181818181818094,0.018181818181818094,0.018181818181818094,0.9272727272727275,0.018181818181818094
0.00015026296018031502,0.9993989481592788,0.00015026296018031502,0.00015026296018031502,0.00015026296018031502
0.018181818181818143,0.018181818181818143,0.018181818181818143,0.018181818181818143,0.9272727272727274
0.0011442987541024044,0.0011442987541024044,0.0011442987541024044,0.9954228049835904,0.0011442987541024044
0.7217894267189571,0.06955264332026076,0.06955264332026076,0.06955264332026076,0.06955264332026076
2.5072358477874233e-07,0.9999989971056609,2.5072358477874233e-07,2.5072358477874233e-07,2.5072358477874233e-07
0.20000000000000004,0.20000000000000004,0.20000000000000004,0.20000000000000004,0.20000000000000004
0.0005549868090693682,0.0005549868090693682,0.9977800527637226,0.0005549868090693682,0.0005549868090693682
4.0310774614024107e-05,4.0310774614024107e-05,4.0310774614024107e-05,0.9998387569015439,4.0310774614024107e-05
0.0010205974045727816,0.9959176103817089,0.0010205974045727816,0.0010205974045727816,0.0010205974045727816
0.9947271383215932,0.0013182154196017483,0.0013182154196017483,0.0013182154196017483,0.0013182154196017483
0.018181818181818094,0.018181818181818094,0.018181818181818094,0.018181818181818094,0.9272727272727275
0.9948268168116499,0.001293295797087549,0.001293295797087549,0.001293295797087549,0.001293295797087549
1.1352767000868517e-06,1.1352767000868517e-06,0.9999954588931995,1.1352767000868517e-06,1.1352767000868517e-06
0.018181818181818143,0.018181818181818143,0.018181818181818143,0.9272727272727274,0.018181818181818143
0.20000000000000004,0.20000000000000004,0.20000000000000004,0.20000000000000004,0.20000000000000004
0.20000000000000004,0.20000000000000004,0.20000000000000004,0.20000000000000004,0.20000000000000004
0.9985678359485064,0.00035804101287341416,0.00035804101287341416,0.00035804101287341416,0.00035804101287341416
0.0016528925619834554,0.0016528925619834554,0.0016528925619834554,0.0016528925619834554,0.9933884297520663
0.0016528925619834663,0.0016528925619834663,0.0016528925619834663,0.9933884297520663,0.0016528925619834663
0.9999015160827512,2.46209793121872e-05,2.46209793121872e-05,2.46209793121872e-05,2.46209793121872e-05
8.56095022387079e-05,0.9953770868791096,0.004366084614174113,8.56095022387079e-05,8.56095022387079e-05
0.0005719464697561833,0.9977122141209752,0.0005719464697561833,0.0005719464697561833,0.0005719464697561833
0.0011442987541024044,0.0011442987541024044,0.0011442987541024044,0.0011442987541024044,0.9954228049835904
0.0007594356917269414,0.0007594356917269414,0.0007594356917269414,0.0007594356917269414,0.9969622572330923
4.740840692612276e-05,4.740840692612276e-05,4.740840692612276e-05,0.9998103663722956,4.740840692612276e-05
0.9999686027264267,7.849318393304383e-06,7.849318393304383e-06,7.849318393304383e-06,7.849318393304383e-06
1.9823123366896757e-06,0.998512790227227,1.9823123366896757e-06,0.00148126283576303,1.9823123366896757e-06
0.20000000000000004,0.20000000000000004,0.20000000000000004,0.20000000000000004,0.20000000000000004
0.0016528925619834658,0.0016528925619834658,0.9933884297520661,0.0016528925619834658,0.0016528925619834658
0.0017657799291392621,0.9929368802834428,0.0017657799291392621,0.0017657799291392621,0.0017657799291392621
0.9970987562827481,0.0007253109293129483,0.0007253109293129483,0.0007253109293129483,0.0007253109293129483
0.0006502267608975282,0.49902465985865374,0.0006502267608975282,0.0006502267608975282,0.49902465985865374
0.20000000000000004,0.20000000000000004,0.20000000000000004,0.20000000000000004,0.20000000000000004
0.9999814469125948,4.6382718512727605e-06,4.6382718512727605e-06,4.6382718512727605e-06,4.6382718512727605e-06
0.004366084614174113,8.56095022387079e-05,0.9953770868791098,8.56095022387079e-05,8.56095022387079e-05
0.0003983925822413585,0.0003983925822413585,0.9984064296710345,0.0003983925822413585,0.0003983925822413585
0.9999087166974004,2.28208256498732e-05,2.28208256498732e-05,2.28208256498732e-05,2.28208256498732e-05
0.9999479211830807,1.3019704229758672e-05,1.3019704229758672e-05,1.3019704229758672e-05,1.3019704229758672e-05
0.999999969499208,7.625197984235245e-09,7.625197984235245e-09,7.625197984235245e-09,7.625197984235245e-09
0.0015064234075144243,0.9939743063699422,0.0015064234075144243,0.0015064234075144243,0.0015064234075144243
0.9999999020839785,2.4479005391665916e-08,2.4479005391665916e-08,2.4479005391665916e-08,2.4479005391665916e-08
0.0003148625171979294,0.9987405499312083,0.0003148625171979294,0.0003148625171979294,0.0003148625171979294
0.0002964779390431909,0.998814088243827,0.0002964779390431909,0.0002964779390431909,0.0002964779390431909
2.344267613428373e-06,2.344267613428373e-06,2.344267613428373e-06,2.344267613428373e-06,0.9999906229295464
0.00229115983570722,0.00229115983570722,0.00229115983570722,0.990835360657171,0.00229115983570722
0.018181818181818143,0.018181818181818143,0.9272727272727274,0.018181818181818143,0.018181818181818143
3.431681654680792e-08,3.431681654680792e-08,3.431681654680792e-08,3.431681654680792e-08,0.9999998627327337
2.8077414177934773e-09,0.9999907244129559,2.8077414177934773e-09,9.267163819895801e-06,2.8077414177934773e-09
5.088041462511348e-06,5.088041462511348e-06,5.088041462511348e-06,5.088041462511348e-06,0.9999796478341499
0.0005549868090693682,0.0005549868090693682,0.9977800527637226,0.0005549868090693682,0.0005549868090693682
8.545056417811671e-06,8.545056417811671e-06,8.545056417811671e-06,0.9999658197743285,8.545056417811671e-06
0.9994019469144708,0.0001495132713823109,0.0001495132713823109,0.0001495132713823109,0.0001495132713823109
0.13499631530923697,0.13499631530923697,0.23371120225594788,0.23371120225594788,0.26258496486963046
0.001984177027562815,0.001984177027562815,0.001984177027562815,0.9920632918897488,0.001984177027562815
0.20000000000000004,0.20000000000000004,0.20000000000000004,0.20000000000000004,0.20000000000000004
1.121973375025761e-06,1.121973375025761e-06,1.121973375025761e-06,1.121973375025761e-06,0.9999955121065
0.0005252082868804174,0.9978991668524783,0.0005252082868804174,0.0005252082868804174,0.0005252082868804174
0.0016528925619834663,0.0016528925619834663,0.08429752066115698,0.9107438016528926,0.0016528925619834663
9.811754235881928e-05,0.005003994660299793,0.9947016527126238,9.811754235881928e-05,9.811754235881928e-05
2.5705652821197265e-06,2.5705652821197265e-06,2.5705652821197265e-06,2.5705652821197265e-06,0.9999897177388715
1.051980913052289e-05,1.051980913052289e-05,1.051980913052289e-05,1.051980913052289e-05,0.999957920763478
0.0005992554795213071,0.0005992554795213071,0.0005992554795213071,0.0005992554795213071,0.9976029780819147
0.00015026296018031502,0.00015026296018031502,0.00015026296018031502,0.9993989481592788,0.00015026296018031502
0.001304226544063174,0.001304226544063174,0.001304226544063174,0.9947830938237475,0.001304226544063174
0.20000000000000004,0.20000000000000004,0.20000000000000004,0.20000000000000004,0.20000000000000004
0.0002733564515821792,0.0002733564515821792,0.0002733564515821792,0.0002733564515821792,0.9989065741936712
0.9993880275185639,0.0006112950036555428,3.057705887067818e-10,3.057705887067818e-10,6.768662395197166e-07
0.20000000000000004,0.20000000000000004,0.20000000000000004,0.20000000000000004,0.20000000000000004
0.00013412218661208267,0.9994635112535516,0.00013412218661208267,0.00013412218661208267,0.00013412218661208267
0.0016528925619834663,0.0016528925619834663,0.0016528925619834663,0.9933884297520663,0.0016528925619834663
0.0011442987541024029,0.9954228049835904,0.0011442987541024029,0.0011442987541024029,0.0011442987541024029
0.018181818181818094,0.018181818181818094,0.018181818181818094,0.018181818181818094,0.9272727272727275
0.018181818181818094,0.018181818181818094,0.9272727272727276,0.018181818181818094,0.018181818181818094
1.5400234373488893e-05,1.5400234373488893e-05,1.5400234373488893e-05,1.5400234373488893e-05,0.9999383990625061
0.0015042325227371933,0.0015042325227371933,0.0015042325227371933,0.0015042325227371933,0.9939830699090512
0.9986327053197214,0.00034182367006967937,0.00034182367006967937,0.00034182367006967937,0.00034182367006967937
0.006932900788555459,0.006932900788555459,0.006932900788555459,0.006932900788555459,0.9722683968457781
7.295226006499338e-06,0.9999708190959741,7.295226006499338e-06,7.295226006499338e-06,7.295226006499338e-06
0.20000000000000004,0.20000000000000004,0.20000000000000004,0.20000000000000004,0.20000000000000004
0.0005599811258309254,0.9977600754966762,0.0005599811258309254,0.0005599811258309254,0.0005599811258309254
0.278707698755303,0.1803230753111743,0.1803230753111743,0.1803230753111743,0.1803230753111743
0.20000000000000004,0.20000000000000004,0.20000000000000004,0.20000000000000004,0.20000000000000004
9.0139787496336e-06,9.0139787496336e-06,9.0139787496336e-06,9.0139787496336e-06,0.9999639440850014
0.0009912563025985816,0.0009912563025985816,0.0009912563025985816,0.9960349747896058,0.0009912563025985816
2.1151679697628403e-06,2.1151679697628403e-06,2.1151679697628403e-06,2.1151679697628403e-06,0.999991539328121
2.9340052247701015e-05,2.9340052247701015e-05,0.9998826397910091,2.9340052247701015e-05,2.9340052247701015e-05
1.1643881666357283e-05,1.1643881666357283e-05,1.1643881666357283e-05,1.1643881666357283e-05,0.9999534244733346
0.24449720703393893,0.20000000000000004,0.20000000000000004,0.20000000000000004,0.15550279296606115
0.19128457430125173,0.23486170279499316,0.19128457430125173,0.23486170279499316,0.1477074458075103
1.3135804634019699e-05,1.3135804634019699e-05,1.3135804634019699e-05,1.3135804634019699e-05,0.999947456781464
1.346618810600861e-05,0.9999461352475763,1.346618810600861e-05,1.346618810600861e-05,1.346618810600861e-05
0.018181818181818094,0.018181818181818094,0.018181818181818094,0.018181818181818094,0.9272727272727275
3.34048107374924e-06,3.34048107374924e-06,3.34048107374924e-06,3.34048107374924e-06,0.9999866380757052
0.005067796941372093,0.005067796941372093,0.005067796941372093,0.9797288122345116,0.005067796941372093
0.9933884297520663,0.0016528925619834663,0.0016528925619834663,0.0016528925619834663,0.0016528925619834663
0.0016528925619834663,0.0016528925619834663,0.0016528925619834663,0.9933884297520663,0.0016528925619834663
5.21564449726919e-05,5.21564449726919e-05,5.21564449726919e-05,0.9997913742201092,5.21564449726919e-05
5.202791619118324e-05,0.997190492525676,0.0026534237257503507,5.202791619118324e-05,5.202791619118324e-05
5.7885413866070266e-05,0.9997684583445355,5.7885413866070266e-05,5.7885413866070266e-05,5.7885413866070266e-05
0.2379432544970753,0.2379432544970753,0.17470449700194987,0.17470449700194987,0.17470449700194987
0.9985170223441324,0.0003707444139668848,0.0003707444139668848,0.0003707444139668848,0.0003707444139668848
0.001161446728214158,0.9953542130871433,0.001161446728214158,0.001161446728214158,0.001161446728214158
3.225724438705087e-08,0.9999998709710223,3.225724438705087e-08,3.225724438705087e-08,3.225724438705087e-08
3.1297176774716067e-06,3.1297176774716067e-06,3.1297176774716067e-06,3.1297176774716067e-06,0.9999874811292901
0.018181818181818143,0.018181818181818143,0.9272727272727274,0.018181818181818143,0.018181818181818143
0.16264761070754633,0.22490159286163575,0.22490159286163575,0.16264761070754633,0.22490159286163575
0.0014865949689195444,0.0014865949689195444,0.0014865949689195444,0.9940536201243219,0.0014865949689195444
0.20000000000000004,0.20000000000000004,0.20000000000000004,0.20000000000000004,0.20000000000000004
2.116086754141359e-06,2.116086754141359e-06,0.9999915356529834,2.116086754141359e-06,2.116086754141359e-06
0.20000000000000004,0.20000000000000004,0.20000000000000004,0.20000000000000004,0.20000000000000004
6.500021497183552e-05,6.500021497183552e-05,6.500021497183552e-05,6.500021497183552e-05,0.9997399991401127
1.043908219840277e-05,1.043908219840277e-05,0.9999582436712064,1.043908219840277e-05,1.043908219840277e-05
6.61590636042871e-05,0.9997353637455827,6.61590636042871e-05,6.61590636042871e-05,6.61590636042871e-05
0.018181818181818094,0.018181818181818094,0.9272727272727276,0.018181818181818094,0.018181818181818094
0.9272727272727274,0.018181818181818143,0.018181818181818143,0.018181818181818143,0.018181818181818143
0.999994546299244,1.3634251890265182e-06,1.3634251890265182e-06,1.3634251890265182e-06,1.3634251890265182e-06
0.018181818181818143,0.9272727272727274,0.018181818181818143,0.018181818181818143,0.018181818181818143
0.018181818181818143,0.9272727272727274,0.018181818181818143,0.018181818181818143,0.018181818181818143
5.5381824861068335e-05,5.5381824861068335e-05,5.5381824861068335e-05,0.9997784727005556,5.5381824861068335e-05
6.735998713392006e-05,6.735998713392006e-05,6.735998713392006e-05,6.735998713392006e-05,0.9997305600514645
0.018181818181818094,0.018181818181818094,0.9272727272727276,0.018181818181818094,0.018181818181818094
7.702726988815432e-07,7.702726988815432e-07,7.702726988815432e-07,0.9999969189092045,7.702726988815432e-07
0.018181818181818143,0.018181818181818143,0.9272727272727274,0.018181818181818143,0.018181818181818143
0.9933884297520663,0.0016528925619834663,0.0016528925619834663,0.0016528925619834663,0.0016528925619834663
0.0011038744739431804,0.0011038744739431804,0.0011038744739431804,0.9955845021042274,0.0011038744739431804
2.82006352807277e-05,0.999887197458877,2.82006352807277e-05,2.82006352807277e-05,2.82006352807277e-05
0.1191621226240866,0.003933556104934512,0.5109893297383872,0.003933556104934512,0.3619814354276571
1.1233588490784717e-05,1.1233588490784717e-05,1.1233588490784717e-05,1.1233588490784717e-05,0.9999550656460368
0.0005760498677380018,0.0005760498677380018,0.997695800529048,0.0005760498677380018,0.0005760498677380018
0.0016528925619834663,0.0016528925619834663,0.0016528925619834663,0.9933884297520663,0.0016528925619834663
0.0016528925619834663,0.0016528925619834663,0.0016528925619834663,0.0016528925619834663,0.9933884297520663
0.0013860300089707201,0.0013860300089707201,0.0013860300089707201,0.994455879964117,0.0013860300089707201
0.9963330626950706,0.0009167343262323136,0.0009167343262323136,0.0009167343262323136,0.0009167343262323136
0.002768513326786999,0.9889259466928519,0.002768513326786999,0.002768513326786999,0.002768513326786999
1.700096155540694e-06,1.700096155540694e-06,0.9999931996153778,1.700096155540694e-06,1.700096155540694e-06
0.018181818181818094,0.018181818181818094,0.9272727272727276,0.018181818181818094,0.018181818181818094
0.0016528925619834554,0.9933884297520663,0.0016528925619834554,0.0016528925619834554,0.0016528925619834554
0.0022058111758625617,0.0022058111758625617,0.0022058111758625617,0.9911767552965497,0.0022058111758625617
2.825637738751433e-06,2.825637738751433e-06,2.825637738751433e-06,2.825637738751433e-06,0.999988697449045
0.9999835358464224,4.116038394379475e-06,4.116038394379475e-06,4.116038394379475e-06,4.116038394379475e-06
9.8503744806544e-06,9.8503744806544e-06,9.8503744806544e-06,0.9999605985020773,9.8503744806544e-06
0.00012071686903869127,0.01704085055206162,0.00012071686903869127,0.00012071686903869127,0.9825969988408223
0.018181818181818094,0.018181818181818094,0.9272727272727275,0.018181818181818094,0.018181818181818094
6.868090596025295e-08,6.868090596025295e-08,6.868090596025295e-08,0.9999997252763762,6.868090596025295e-08
0.20000000000000004,0.20000000000000004,0.20000000000000004,0.20000000000000004,0.20000000000000004
0.9769555918783082,0.021764163226042358,0.0004267482985498479,0.0004267482985498479,0.0004267482985498479
0.0003445642689363863,0.0003445642689363863,0.0003445642689363863,0.9986217429242544,0.0003445642689363863
0.0006148968250195722,0.9975404126999218,0.0006148968250195722,0.0006148968250195722,0.0006148968250195722
0.00034031937809467927,0.00034031937809467927,0.00034031937809467927,0.9986387224876213,0.00034031937809467927
4.747926602680899e-05,4.747926602680899e-05,4.747926602680899e-05,0.9998100829358926,4.747926602680899e-05
0.00013254695543523826,0.9994698121782591,0.00013254695543523826,0.00013254695543523826,0.00013254695543523826
0.0011442987541024044,0.0011442987541024044,0.0011442987541024044,0.9954228049835904,0.0011442987541024044
0.0011442987541024029,0.0011442987541024029,0.0011442987541024029,0.9954228049835904,0.0011442987541024029
0.018181818181818094,0.018181818181818094,0.9272727272727275,0.018181818181818094,0.018181818181818094
0.9999889951702212,2.7512074446200323e-06,2.7512074446200323e-06,2.7512074446200323e-06,2.7512074446200323e-06
1.3019704229758689e-05,1.3019704229758689e-05,1.3019704229758689e-05,1.3019704229758689e-05,0.9999479211830807
0.00019088891816857414,0.00019088891816857414,0.00019088891816857414,0.00019088891816857414,0.9992364443273255
0.0016528925619834554,0.9933884297520663,0.0016528925619834554,0.0016528925619834554,0.0016528925619834554
0.9999979246841644,5.188289588987594e-07,5.188289588987594e-07,5.188289588987594e-07,5.188289588987594e-07
1.0336874558793725e-05,0.999958652501765,1.0336874558793725e-05,1.0336874558793725e-05,1.0336874558793725e-05
0.9994744850145496,0.00013137874636257488,0.00013137874636257488,0.00013137874636257488,0.00013137874636257488
0.0016528925619834645,0.0016528925619834645,0.9933884297520661,0.0016528925619834645,0.0016528925619834645
0.9272727272727275,0.018181818181818094,0.018181818181818094,0.018181818181818094,0.018181818181818094
0.9998295336319175,4.261659202061845e-05,4.261659202061845e-05,4.261659202061845e-05,4.261659202061845e-05
0.0007537043469782651,0.0007537043469782651,0.0007537043469782651,0.9969851826120868,0.0007537043469782651
0.018181818181818094,0.018181818181818094,0.018181818181818094,0.018181818181818094,0.9272727272727275
0.9999847041398835,1.256911615309186e-08,1.256911615309186e-08,1.5258152768065319e-05,1.256911615309186e-08
2.333757727461711e-06,2.333757727461711e-06,0.999873977082717,2.333757727461711e-06,0.00011902164410054751
0.018181818181818143,0.9272727272727274,0.018181818181818143,0.018181818181818143,0.018181818181818143
0.000384983853999611,0.000384983853999611,0.9984600645840016,0.000384983853999611,0.000384983853999611
0.018181818181818094,0.9272727272727275,0.018181818181818094,0.018181818181818094,0.018181818181818094
0.9999977713129672,5.571717581751438e-07,5.571717581751438e-07,5.571717581751438e-07,5.571717581751438e-07
9.205845451499542e-05,9.205845451499542e-05,9.205845451499542e-05,0.99963176618194,9.205845451499542e-05
6.054414489491576e-05,6.054414489491576e-05,0.9997578234204204,6.054414489491576e-05,6.054414489491576e-05
0.0016528925619834663,0.9933884297520663,0.0016528925619834663,0.0016528925619834663,0.0016528925619834663
0.0007732602996405437,0.9969069588014379,0.0007732602996405437,0.0007732602996405437,0.0007732602996405437
0.0003566205114732528,0.0003566205114732528,0.9985735179541068,0.0003566205114732528,0.0003566205114732528
0.0016528925619834663,0.0016528925619834663,0.0016528925619834663,0.9933884297520663,0.0016528925619834663
0.20000000000000004,0.20000000000000004,0.20000000000000004,0.20000000000000004,0.20000000000000004
0.20000000000000004,0.20000000000000004,0.20000000000000004,0.20000000000000004,0.20000000000000004
0.00015026296018031473,0.00015026296018031473,0.9993989481592788,0.00015026296018031473,0.00015026296018031473
2.145414955702032e-05,0.9999141834017718,2.145414955702032e-05,2.145414955702032e-05,2.145414955702032e-05
0.20000000000000004,0.20000000000000004,0.20000000000000004,0.20000000000000004,0.20000000000000004
0.0003362987439311078,0.9986548050242756,0.0003362987439311078,0.0003362987439311078,0.0003362987439311078
0.20000000000000004,0.20000000000000004,0.20000000000000004,0.20000000000000004,0.20000000000000004
0.48163852398556184,0.0006928858873372869,0.0006928858873372869,0.5162828183524264,0.0006928858873372869
0.004704190005554352,0.004704190005554352,0.004704190005554352,0.9811832399777826,0.004704190005554352
3.398913541951321e-05,3.398913541951321e-05,3.398913541951321e-05,0.999864043458322,3.398913541951321e-05
0.20000000000000004,0.20000000000000004,0.20000000000000004,0.20000000000000004,0.20000000000000004
0.9999991221443435,2.1946391412784702e-07,2.1946391412784702e-07,2.1946391412784702e-07,2.1946391412784702e-07
0.0016528925619834663,0.9933884297520663,0.0016528925619834663,0.0016528925619834663,0.0016528925619834663
0.0002708207218982773,0.0002708207218982773,0.998916717112407,0.0002708207218982773,0.0002708207218982773
0.015327326252479989,0.16328621431514184,0.015327326252479989,0.7907318069274182,0.015327326252479989
2.07271149382203e-05,2.07271149382203e-05,0.9999170915402471,2.07271149382203e-05,2.07271149382203e-05
0.00037763677963100796,0.9984894528814758,0.00037763677963100796,0.00037763677963100796,0.00037763677963100796
3.5425731161518475e-08,3.5425731161518475e-08,0.9999998582970754,3.5425731161518475e-08,3.5425731161518475e-08
0.0014246879033877075,0.0014246879033877075,0.0014246879033877075,0.9943012483864491,0.0014246879033877075
0.00021459351984083188,0.00021459351984083188,0.00021459351984083188,0.00021459351984083188,0.9991416259206366
0.9984080438155676,0.0003979890461080947,0.0003979890461080947,0.0003979890461080947,0.0003979890461080947
0.001503488463096813,0.001503488463096813,0.001503488463096813,0.9939860461476128,0.001503488463096813
0.018181818181818094,0.018181818181818094,0.018181818181818094,0.9272727272727275,0.018181818181818094
0.018181818181818094,0.018181818181818094,0.018181818181818094,0.9272727272727276,0.018181818181818094
0.0016528925619834654,0.0016528925619834654,0.9933884297520661,0.0016528925619834654,0.0016528925619834654
0.0002630732684404977,0.0002630732684404977,0.0002630732684404977,0.9989477069262379,0.0002630732684404977
0.00304587100322122,0.00304587100322122,0.00304587100322122,0.00304587100322122,0.9878165159871151
0.20000000000000004,0.20000000000000004,0.20000000000000004,0.20000000000000004,0.20000000000000004
8.953367235300346e-06,8.953367235300346e-06,8.953367235300346e-06,8.953367235300346e-06,0.9999641865310588
0.002545446305545327,0.002545446305545327,0.002545446305545327,0.9898182147778187,0.002545446305545327
0.0016528925619834663,0.0016528925619834663,0.0016528925619834663,0.0016528925619834663,0.9933884297520663
0.17146241592692274,0.17146241592692274,0.24280637610961592,0.17146241592692274,0.24280637610961592
0.20000000000000004,0.20000000000000004,0.20000000000000004,0.20000000000000004,0.20000000000000004
0.0016528925619834663,0.0016528925619834663,0.0016528925619834663,0.9933884297520663,0.0016528925619834663
0.9272727272727274,0.018181818181818143,0.018181818181818143,0.018181818181818143,0.018181818181818143
5.906623446864422e-06,0.9999763735062124,5.906623446864422e-06,5.906623446864422e-06,5.906623446864422e-06
4.116038394379475e-06,4.116038394379475e-06,0.9999835358464223,4.116038394379475e-06,4.116038394379475e-06
0.018181818181818094,0.018181818181818094,0.018181818181818094,0.018181818181818094,0.9272727272727276
8.777491044821499e-05,0.9996489003582072,8.777491044821499e-05,8.777491044821499e-05,8.777491044821499e-05
1.6017010584171336e-05,1.6017010584171336e-05,1.6017010584171336e-05,1.6017010584171336e-05,0.9999359319576635
0.000273336918072157,0.9989066523277114,0.000273336918072157,0.000273336918072157,0.000273336918072157
1.9992164702663746e-06,1.9992164702663746e-06,0.9999920031341188,1.9992164702663746e-06,1.9992164702663746e-06
0.002906600784359045,0.002906600784359045,0.002906600784359045,0.002906600784359045,0.9883735968625639
0.018181818181818143,0.018181818181818143,0.018181818181818143,0.9272727272727274,0.018181818181818143
7.99741598498317e-06,0.99996801033606,7.99741598498317e-06,7.99741598498317e-06,7.99741598498317e-06
0.018181818181818094,0.018181818181818094,0.9272727272727276,0.018181818181818094,0.018181818181818094
0.018181818181818094,0.018181818181818094,0.018181818181818094,0.018181818181818094,0.9272727272727276
1.3131405214056857e-06,0.9991498307093225,1.3131405214056857e-06,0.0008462298691134153,1.3131405214056857e-06
0.9975509606609765,0.0006122598347558854,0.0006122598347558854,0.0006122598347558854,0.0006122598347558854
0.9272727272727275,0.018181818181818094,0.018181818181818094,0.018181818181818094,0.018181818181818094
0.9272727272727274,0.018181818181818143,0.018181818181818143,0.018181818181818143,0.018181818181818143
0.20000000000000004,0.20000000000000004,0.20000000000000004,0.20000000000000004,0.20000000000000004
0.0014746300643614515,0.0014746300643614515,0.9941014797425541,0.0014746300643614515,0.0014746300643614515
0.0032460821473041953,0.0032460821473041953,0.0032460821473041953,0.0032460821473041953,0.9870156714107832
0.20000000000000004,0.20000000000000004,0.20000000000000004,0.20000000000000004,0.20000000000000004
8.357186000811164e-05,8.357186000811164e-05,8.357186000811164e-05,0.9996657125599675,8.357186000811164e-05
0.17232493572774815,0.17232493572774815,0.2661133251175505,0.17232493572774815,0.21691186769920517
1.87398422604021e-05,1.87398422604021e-05,0.9999250406309583,1.87398422604021e-05,1.87398422604021e-05
0.0011442987541024044,0.0011442987541024044,0.0011442987541024044,0.9954228049835904,0.0011442987541024044
0.00013373211087046452,0.00013373211087046452,0.9927784660129949,0.00013373211087046452,0.006820337654393703
0.0011442987541024029,0.0011442987541024029,0.0011442987541024029,0.0011442987541024029,0.9954228049835904
0.0024859994582568357,0.9900560021669726,0.0024859994582568357,0.0024859994582568357,0.0024859994582568357
3.803452128652097e-05,3.803452128652097e-05,0.9998478619148538,3.803452128652097e-05,3.803452128652097e-05
0.0001576445827347354,0.0001576445827347354,0.0001576445827347354,0.9993694216690611,0.0001576445827347354
0.0012582070334343936,0.0012582070334343936,0.9949671718662625,0.0012582070334343936,0.0012582070334343936
0.004260073132170088,0.004260073132170088,0.004260073132170088,0.004260073132170088,0.9829597074713198
0.20000000000000004,0.20000000000000004,0.20000000000000004,0.20000000000000004,0.20000000000000004
0.15545172031885357,0.26682241952171976,0.26682241952171976,0.15545172031885357,0.15545172031885357
0.0015133733592168996,0.9939465065631325,0.0015133733592168996,0.0015133733592168996,0.0015133733592168996
0.38747053231210415,0.0750196451252639,0.0750196451252639,0.38747053231210415,0.0750196451252639
0.20000000000000004,0.20000000000000004,0.20000000000000004,0.20000000000000004,0.20000000000000004
2.2320257693411914e-05,2.2320257693411914e-05,2.2320257693411914e-05,2.2320257693411914e-05,0.9999107189692263
0.0007823674449554684,0.0007823674449554684,0.0007823674449554684,0.0007823674449554684,0.9968705302201781
0.018181818181818143,0.018181818181818143,0.018181818181818143,0.018181818181818143,0.9272727272727274
0.018181818181818094,0.018181818181818094,0.018181818181818094,0.9272727272727276,0.018181818181818094
0.00033255295342816857,0.00033255295342816857,0.9986697881862873,0.00033255295342816857,0.00033255295342816857
0.0029578596960689344,0.0029578596960689344,0.0029578596960689344,0.9881685612157243,0.0029578596960689344
9.6086793273331e-05,9.6086793273331e-05,0.9996156528269068,9.6086793273331e-05,9.6086793273331e-05
0.20000000000000004,0.20000000000000004,0.20000000000000004,0.20000000000000004,0.20000000000000004
0.9864506913756004,0.0002509131226740714,0.0002509131226740714,0.0002509131226740714,0.012796569256377668
0.028869748575007067,0.9694320309205807,0.0005660735014707238,0.0005660735014707238,0.0005660735014707238
0.20000000000000004,0.20000000000000004,0.20000000000000004,0.20000000000000004,0.20000000000000004
0.005629667376812865,0.005629667376812865,0.005629667376812865,0.9774813304927485,0.005629667376812865
0.018181818181818094,0.018181818181818094,0.9272727272727276,0.018181818181818094,0.018181818181818094
0.007298985035669648,0.007298985035669648,0.007298985035669648,0.9708040598573214,0.007298985035669648
2.6526558645259467e-05,2.6526558645259467e-05,2.6526558645259467e-05,2.6526558645259467e-05,0.9998938937654189
0.20000000000000004,0.20000000000000004,0.20000000000000004,0.20000000000000004,0.20000000000000004
0.000460477607877826,0.000460477607877826,0.000460477607877826,0.000460477607877826,0.9981580895684886
0.9272727272727274,0.018181818181818143,0.018181818181818143,0.018181818181818143,0.018181818181818143
6.207165449744346e-05,6.207165449744346e-05,6.207165449744346e-05,6.207165449744346e-05,0.9997517133820103
0.9987751682346567,0.0003062079413358341,0.0003062079413358341,0.0003062079413358341,0.0003062079413358341
0.0005845116113594093,0.0005845116113594093,0.9976619535545626,0.0005845116113594093,0.0005845116113594093
0.002187159598729134,0.9912513616050835,0.002187159598729134,0.002187159598729134,0.002187159598729134
0.0020713627147079246,0.0020713627147079246,0.9917145491411682,0.0020713627147079246,0.0020713627147079246
0.018181818181818094,0.9272727272727275,0.018181818181818094,0.018181818181818094,0.018181818181818094
0.018181818181818094,0.018181818181818094,0.9272727272727275,0.018181818181818094,0.018181818181818094
1.2690886519156147e-06,1.2690886519156147e-06,1.2690886519156147e-06,0.9999949236453921,1.2690886519156147e-06
0.008573791263389977,0.008573791263389977,0.9657048349464401,0.008573791263389977,0.008573791263389977
0.00033392112110868037,0.00033392112110868037,0.9986643155155652,0.00033392112110868037,0.00033392112110868037
0.018181818181818094,0.9272727272727275,0.018181818181818094,0.018181818181818094,0.018181818181818094
0.001161334998471734,0.001161334998471734,0.001161334998471734,0.9953546600061131,0.001161334998471734
0.9272727272727276,0.018181818181818094,0.018181818181818094,0.018181818181818094,0.018181818181818094
0.0006988368790307296,0.0006988368790307296,0.0006988368790307296,0.9972046524838769,0.0006988368790307296
0.00015026296018031505,0.00015026296018031505,0.00015026296018031505,0.9993989481592789,0.00015026296018031505
0.9272727272727274,0.018181818181818143,0.018181818181818143,0.018181818181818143,0.018181818181818143
0.018181818181818143,0.018181818181818143,0.018181818181818143,0.9272727272727274,0.018181818181818143
0.9973571555949886,0.0006607111012528288,0.0006607111012528288,0.0006607111012528288,0.0006607111012528288
0.0018884547850754265,0.0018884547850754265,0.0018884547850754265,0.992446180859698,0.0018884547850754265
0.0016528925619834554,0.0016528925619834554,0.0016528925619834554,0.9933884297520663,0.0016528925619834554
9.559176540717443e-09,9.559176540717443e-09,9.559176540717443e-09,9.559176540717443e-09,0.9999999617632939
1.6604441870980592e-07,0.999999335822325,1.6604441870980592e-07,1.6604441870980592e-07,1.6604441870980592e-07
0.23316873861056922,0.17788750759295388,0.12260627657533854,0.17788750759295388,0.2884499696281846
2.8526399570031417e-05,2.8526399570031417e-05,2.8526399570031417e-05,2.8526399570031417e-05,0.9998858944017199
0.0035445459949217223,0.0035445459949217223,0.6930211901464722,0.0035445459949217223,0.2963451718687627
2.659447202231897e-06,2.659447202231897e-06,2.659447202231897e-06,0.9999893622111911,2.659447202231897e-06
1.024187532282939e-06,1.024187532282939e-06,1.024187532282939e-06,1.024187532282939e-06,0.9999959032498709
3.677054579738222e-06,0.9999852917816808,3.677054579738222e-06,3.677054579738222e-06,3.677054579738222e-06
0.9272727272727275,0.018181818181818094,0.018181818181818094,0.018181818181818094,0.018181818181818094
0.9999460881588181,1.3477960295497482e-05,1.3477960295497482e-05,1.3477960295497482e-05,1.3477960295497482e-05
0.20000000000000004,0.20000000000000004,0.20000000000000004,0.20000000000000004,0.20000000000000004
0.9272727272727274,0.018181818181818143,0.018181818181818143,0.018181818181818143,0.018181818181818143
0.9976867601587768,0.0005783099603057966,0.0005783099603057966,0.0005783099603057966,0.0005783099603057966
1.2274751927636263e-05,0.9999509009922894,1.2274751927636263e-05,1.2274751927636263e-05,1.2274751927636263e-05
0.003833798738229181,0.003833798738229181,0.003833798738229181,0.9846648050470832,0.003833798738229181
0.00035653882063018544,0.00035653882063018544,0.9985738447174792,0.00035653882063018544,0.00035653882063018544
0.9933884297520663,0.0016528925619834554,0.0016528925619834554,0.0016528925619834554,0.0016528925619834554
0.018181818181818143,0.018181818181818143,0.018181818181818143,0.018181818181818143,0.9272727272727274
0.0002465197942718366,0.0002465197942718366,0.0002465197942718366,0.0002465197942718366,0.9990139208229126
0.0011442987541024044,0.0011442987541024044,0.9954228049835904,0.0011442987541024044,0.0011442987541024044
0.0016528925619834663,0.0016528925619834663,0.0016528925619834663,0.0016528925619834663,0.9933884297520663
0.9999590273114625,7.587534914356769e-07,7.587534914356769e-07,7.587534914356769e-07,3.8696428063219606e-05
1.602678771041782e-05,1.602678771041782e-05,1.602678771041782e-05,1.602678771041782e-05,0.9999358928491584
0.20000000000000004,0.20000000000000004,0.20000000000000004,0.20000000000000004,0.20000000000000004
0.0007533170745659995,0.996986731701736,0.0007533170745659995,0.0007533170745659995,0.0007533170745659995
0.9933884297520663,0.0016528925619834554,0.0016528925619834554,0.0016528925619834554,0.0016528925619834554
0.00015026296018031502,0.9993989481592788,0.00015026296018031502,0.00015026296018031502,0.00015026296018031502
6.971724245416968e-06,6.971724245416968e-06,6.971724245416968e-06,0.9999721131030183,6.971724245416968e-06
0.003592197096431596,0.003592197096431596,0.003592197096431596,0.003592197096431596,0.9856312116142735
4.116038394379469e-06,0.9999835358464224,4.116038394379469e-06,4.116038394379469e-06,4.116038394379469e-06
0.9948023528060189,0.0012994117984952674,0.0012994117984952674,0.0012994117984952674,0.0012994117984952674
0.0007851291791229852,0.0007851291791229852,0.0007851291791229852,0.996859483283508,0.0007851291791229852
0.0027447599819336106,0.9890209600722656,0.0027447599819336106,0.0027447599819336106,0.0027447599819336106
0.0015207897225269192,0.0015207897225269192,0.9939168411098922,0.0015207897225269192,0.0015207897225269192
0.20000000000000004,0.20000000000000004,0.20000000000000004,0.20000000000000004,0.20000000000000004
0.00013263596689718965,0.00013263596689718965,0.00013263596689718965,0.00013263596689718965,0.9994694561324111
0.2180282793646537,0.2531516715902892,0.21139674190732122,0.14114995745605027,0.1762733496816857
0.010029135980934183,0.010029135980934183,0.010029135980934183,0.9598834560762634,0.010029135980934183
0.8895339920995023,0.0010223672567050825,0.0010223672567050825,0.0010223672567050825,0.10739890613038257
2.9114318377478982e-05,0.9998835427264903,2.9114318377478982e-05,2.9114318377478982e-05,2.9114318377478982e-05
8.259171242036733e-06,8.259171242036733e-06,8.259171242036733e-06,8.259171242036733e-06,0.999966963315032
0.9933884297520663,0.0016528925619834663,0.0016528925619834663,0.0016528925619834663,0.0016528925619834663
0.20000000000000004,0.20000000000000004,0.20000000000000004,0.20000000000000004,0.20000000000000004
2.0760951923808758e-05,0.9999169561923047,2.0760951923808758e-05,2.0760951923808758e-05,2.0760951923808758e-05
6.399276765769993e-05,0.9997440289293692,6.399276765769993e-05,6.399276765769993e-05,6.399276765769993e-05
0.9938816106966875,0.0015295973258281283,0.0015295973258281283,0.0015295973258281283,0.0015295973258281283
0.999995134590276,1.2163524309887294e-06,1.2163524309887294e-06,1.2163524309887294e-06,1.2163524309887294e-06
0.9933884297520661,0.0016528925619834658,0.0016528925619834658,0.0016528925619834658,0.0016528925619834658
3.0189979774681958e-05,3.0189979774681958e-05,0.9998792400809011,3.0189979774681958e-05,3.0189979774681958e-05
0.20000000000000004,0.20000000000000004,0.20000000000000004,0.20000000000000004,0.20000000000000004
0.9962880812577674,0.000927979685558136,0.000927979685558136,0.000927979685558136,0.000927979685558136
1.7224788591186888e-05,1.7224788591186888e-05,0.9999311008456353,1.7224788591186888e-05,1.7224788591186888e-05
0.9999737890072097,6.552748197615683e-06,6.552748197615683e-06,6.552748197615683e-06,6.552748197615683e-06
0.20000000000000004,0.20000000000000004,0.20000000000000004,0.20000000000000004,0.20000000000000004
0.20000000000000004,0.20000000000000004,0.20000000000000004,0.20000000000000004,0.20000000000000004
0.00015026296018031505,0.9993989481592789,0.00015026296018031505,0.00015026296018031505,0.00015026296018031505
0.0016528925619834663,0.0016528925619834663,0.0016528925619834663,0.9933884297520663,0.0016528925619834663
0.0030135429670738994,0.0030135429670738994,0.9879458281317044,0.0030135429670738994,0.0030135429670738994
0.0004348873735406168,0.0004348873735406168,0.9982604505058377,0.0004348873735406168,0.0004348873735406168
0.00015026296018031502,0.00015026296018031502,0.00015026296018031502,0.9993989481592788,0.00015026296018031502
8.56095022387079e-05,0.004366084614174113,0.9953770868791096,8.56095022387079e-05,8.56095022387079e-05
0.00015678847149270191,0.9993728461140291,0.00015678847149270191,0.00015678847149270191,0.00015678847149270191
0.20000000000000004,0.20000000000000004,0.20000000000000004,0.20000000000000004,0.20000000000000004
0.0014767066621710237,0.0014767066621710237,0.994093173351316,0.0014767066621710237,0.0014767066621710237
0.0011118833340894604,0.0011118833340894604,0.9955524666636422,0.0011118833340894604,0.0011118833340894604
0.0005322752680289249,0.0005322752680289249,0.0005322752680289249,0.4858947053972334,0.5125084687986797
6.639862422828364e-05,6.639862422828364e-05,6.639862422828364e-05,6.639862422828364e-05,0.9997344055030868
0.0034310628017531325,0.0034310628017531325,0.9862757487929874,0.0034310628017531325,0.0034310628017531325
1.8189768372806703e-06,0.9999927240926508,1.8189768372806703e-06,1.8189768372806703e-06,1.8189768372806703e-06
0.00042618950631832613,0.00042618950631832613,0.00042618950631832613,0.9982952419747267,0.00042618950631832613
0.018181818181818094,0.018181818181818094,0.9272727272727275,0.018181818181818094,0.018181818181818094
0.0011257911768724892,0.0011257911768724892,0.0011257911768724892,0.9954968352925102,0.0011257911768724892
9.767323568824969e-05,9.767323568824969e-05,9.767323568824969e-05,9.767323568824969e-05,0.9996093070572467
5.105916114188981e-06,5.105916114188981e-06,5.105916114188981e-06,0.9999795763355435,5.105916114188981e-06
0.018181818181818143,0.018181818181818143,0.018181818181818143,0.018181818181818143,0.9272727272727274
0.9724008384175847,0.006899790395603852,0.006899790395603852,0.006899790395603852,0.006899790395603852
0.20000000000000004,0.20000000000000004,0.20000000000000004,0.20000000000000004,0.20000000000000004
7.214356508421632e-06,7.214356508421632e-06,7.214356508421632e-06,0.9999711425739664,7.214356508421632e-06
0.002347564454113561,0.002347564454113561,0.002347564454113561,0.9906097421835458,0.002347564454113561
0.001652892561983464,0.001652892561983464,0.9933884297520661,0.001652892561983464,0.001652892561983464
0.20000000000000004,0.20000000000000004,0.20000000000000004,0.20000000000000004,0.20000000000000004
0.9999999474083229,1.3147919288895769e-08,1.3147919288895769e-08,1.3147919288895769e-08,1.3147919288895769e-08
0.018181818181818143,0.018181818181818143,0.018181818181818143,0.018181818181818143,0.9272727272727274
7.436685600623721e-08,7.436685600623721e-08,7.436685600623721e-08,7.436685600623721e-08,0.999999702532576
1.977003530037145e-08,1.977003530037145e-08,1.977003530037145e-08,1.977003530037145e-08,0.9999999209198588
3.4732605012943503e-06,3.4732605012943503e-06,0.9999861069579947,3.4732605012943503e-06,3.4732605012943503e-06
1.9769044779661924e-06,1.9769044779661924e-06,1.9769044779661924e-06,0.9999920923820882,1.9769044779661924e-06
0.00015026296018031502,0.00015026296018031502,0.00015026296018031502,0.00015026296018031502,0.9993989481592788
0.0016528925619834658,0.0016528925619834658,0.0016528925619834658,0.9933884297520661,0.0016528925619834658
0.018181818181818143,0.018181818181818143,0.018181818181818143,0.9272727272727274,0.018181818181818143
8.470691128499762e-07,8.470691128499762e-07,8.470691128499762e-07,8.470691128499762e-07,0.9999966117235486
